
Intensity Sum Ch=38 Img=1
 ==================== 
Intensity Sum,Unit,Category,Channel,Image,Time,ID,
1.12786e+08,,Surface,38,Image 1,1,26181,
1.4742e+07,,Surface,38,Image 1,1,26182,
1.12012e+08,,Surface,38,Image 1,1,26183,
6.79931e+07,,Surface,38,Image 1,1,26184,
4.48721e+07,,Surface,38,Image 1,1,26185,
3.68311e+07,,Surface,38,Image 1,1,26186,
3.28775e+07,,Surface,38,Image 1,1,26189,
4.00139e+07,,Surface,38,Image 1,1,26190,
6.79947e+07,,Surface,38,Image 1,1,26192,
2.86923e+07,,Surface,38,Image 1,1,26193,
4.48485e+07,,Surface,38,Image 1,1,26194,
4.97525e+07,,Surface,38,Image 1,1,26195,
1.14213e+07,,Surface,38,Image 1,1,26196,
2.67938e+07,,Surface,38,Image 1,1,26197,
3.41544e+07,,Surface,38,Image 1,1,26198,
6.29593e+07,,Surface,38,Image 1,1,26199,
4.08501e+07,,Surface,38,Image 1,1,26200,
1.79961e+07,,Surface,38,Image 1,1,26201,
5.96678e+07,,Surface,38,Image 1,1,26203,
4.8116e+07,,Surface,38,Image 1,1,26204,
1.87637e+07,,Surface,38,Image 1,1,26205,
1.26603e+08,,Surface,38,Image 1,1,26206,
1.83798e+07,,Surface,38,Image 1,1,26207,
1.21982e+07,,Surface,38,Image 1,1,26208,
2.64955e+07,,Surface,38,Image 1,1,26209,
3.73689e+07,,Surface,38,Image 1,1,26211,
1.02139e+07,,Surface,38,Image 1,1,26212,
6.77608e+07,,Surface,38,Image 1,1,26213,
1.74798e+07,,Surface,38,Image 1,1,26214,
2.83684e+07,,Surface,38,Image 1,1,26215,
3.68823e+07,,Surface,38,Image 1,1,26216,
6.60112e+07,,Surface,38,Image 1,1,26217,
8.55169e+07,,Surface,38,Image 1,1,26218,
1.27647e+07,,Surface,38,Image 1,1,26219,
1.1945e+08,,Surface,38,Image 1,1,26220,
9.92076e+07,,Surface,38,Image 1,1,26221,
3.73666e+07,,Surface,38,Image 1,1,26222,
7.14403e+06,,Surface,38,Image 1,1,26225,
6.54148e+07,,Surface,38,Image 1,1,26226,
1.5143e+08,,Surface,38,Image 1,1,26227,
3.99973e+07,,Surface,38,Image 1,1,26228,
1.02403e+08,,Surface,38,Image 1,1,26229,
1.06888e+07,,Surface,38,Image 1,1,26230,
4.23763e+07,,Surface,38,Image 1,1,26231,
3.39145e+07,,Surface,38,Image 1,1,26232,
2.96811e+07,,Surface,38,Image 1,1,26233,
1.04352e+08,,Surface,38,Image 1,1,26235,
8.39686e+07,,Surface,38,Image 1,1,26236,
2.43018e+07,,Surface,38,Image 1,1,26237,
2.7263e+07,,Surface,38,Image 1,1,26238,
4.05075e+07,,Surface,38,Image 1,1,26241,
2.32974e+07,,Surface,38,Image 1,1,26242,
2.97275e+07,,Surface,38,Image 1,1,26245,
4.75778e+07,,Surface,38,Image 1,1,26246,
2.87512e+07,,Surface,38,Image 1,1,26247,
6.22657e+07,,Surface,38,Image 1,1,26248,
4.35056e+06,,Surface,38,Image 1,1,26249,
8.53128e+07,,Surface,38,Image 1,1,26250,
2.18926e+07,,Surface,38,Image 1,1,26251,
4.42037e+07,,Surface,38,Image 1,1,26252,
5.19341e+07,,Surface,38,Image 1,1,26253,
2.26829e+07,,Surface,38,Image 1,1,26254,
2.46295e+07,,Surface,38,Image 1,1,26255,
1.81204e+07,,Surface,38,Image 1,1,26256,
5.09435e+07,,Surface,38,Image 1,1,26258,
1.49989e+08,,Surface,38,Image 1,1,26259,
5.06135e+07,,Surface,38,Image 1,1,26260,
2.19164e+07,,Surface,38,Image 1,1,26261,
3.67791e+07,,Surface,38,Image 1,1,26262,
1.9935e+07,,Surface,38,Image 1,1,26263,
6.62083e+07,,Surface,38,Image 1,1,26264,
6.1945e+07,,Surface,38,Image 1,1,26265,
1.81301e+07,,Surface,38,Image 1,1,26266,
8.12073e+07,,Surface,38,Image 1,1,26267,
7.89533e+07,,Surface,38,Image 1,1,26268,
2.04683e+07,,Surface,38,Image 1,1,26269,
2.42928e+07,,Surface,38,Image 1,1,26270,
1.86725e+07,,Surface,38,Image 1,1,26271,
2.00147e+07,,Surface,38,Image 1,1,26272,
1.23924e+08,,Surface,38,Image 1,1,26273,
6.13423e+07,,Surface,38,Image 1,1,26274,
7.64583e+07,,Surface,38,Image 1,1,26275,
9.04638e+06,,Surface,38,Image 1,1,26276,
580709,,Surface,38,Image 1,1,26277,
1.6946e+08,,Surface,38,Image 1,1,26279,
7.17687e+07,,Surface,38,Image 1,1,26280,
3.07452e+07,,Surface,38,Image 1,1,26281,
2.04084e+07,,Surface,38,Image 1,1,26282,
6.41453e+07,,Surface,38,Image 1,1,26283,
1.74323e+07,,Surface,38,Image 1,1,26284,
1.20837e+08,,Surface,38,Image 1,1,26285,
2.27318e+08,,Surface,38,Image 1,1,26286,
3.49266e+07,,Surface,38,Image 1,1,26287,
7.66341e+07,,Surface,38,Image 1,1,26289,
3.87031e+07,,Surface,38,Image 1,1,26290,
4.67178e+07,,Surface,38,Image 1,1,26291,
3.44081e+07,,Surface,38,Image 1,1,26292,
2.37989e+06,,Surface,38,Image 1,1,26294,
5.43587e+07,,Surface,38,Image 1,1,26295,
2.13537e+07,,Surface,38,Image 1,1,26296,
4.56334e+07,,Surface,38,Image 1,1,26297,
3.93922e+07,,Surface,38,Image 1,1,26298,
2.44387e+07,,Surface,38,Image 1,1,26299,
4.91303e+07,,Surface,38,Image 1,1,26301,
7.34572e+07,,Surface,38,Image 1,1,26304,
3.6865e+07,,Surface,38,Image 1,1,26305,
2.03297e+07,,Surface,38,Image 1,1,26307,
1.53363e+07,,Surface,38,Image 1,1,26308,
3.17135e+07,,Surface,38,Image 1,1,26309,
8.71594e+07,,Surface,38,Image 1,1,26310,
2.99648e+07,,Surface,38,Image 1,1,26311,
1.70094e+07,,Surface,38,Image 1,1,26312,
5.52129e+07,,Surface,38,Image 1,1,26313,
2.13197e+07,,Surface,38,Image 1,1,26315,
1.33321e+08,,Surface,38,Image 1,1,26317,
5.26156e+07,,Surface,38,Image 1,1,26318,
1.36148e+08,,Surface,38,Image 1,1,26319,
4.46928e+07,,Surface,38,Image 1,1,26320,
2.11651e+07,,Surface,38,Image 1,1,26321,
6.40541e+07,,Surface,38,Image 1,1,26322,
3.77541e+07,,Surface,38,Image 1,1,26323,
3.75686e+07,,Surface,38,Image 1,1,26324,
9.38048e+07,,Surface,38,Image 1,1,26326,
2.22656e+07,,Surface,38,Image 1,1,26327,
2.78534e+07,,Surface,38,Image 1,1,26328,
3.07702e+07,,Surface,38,Image 1,1,26329,
4.01114e+07,,Surface,38,Image 1,1,26330,
4.18288e+07,,Surface,38,Image 1,1,26331,
1.03207e+07,,Surface,38,Image 1,1,26332,
4.34862e+07,,Surface,38,Image 1,1,26334,
1.46522e+08,,Surface,38,Image 1,1,26336,
7.20922e+07,,Surface,38,Image 1,1,26338,
3.12782e+07,,Surface,38,Image 1,1,26339,
3.30244e+07,,Surface,38,Image 1,1,26340,
2.73482e+07,,Surface,38,Image 1,1,26342,
3.24721e+07,,Surface,38,Image 1,1,26343,
3.24599e+07,,Surface,38,Image 1,1,26344,
3.00429e+07,,Surface,38,Image 1,1,26345,
1.66781e+07,,Surface,38,Image 1,1,26348,
6.22337e+07,,Surface,38,Image 1,1,26349,
1.00793e+07,,Surface,38,Image 1,1,26350,
5.97817e+07,,Surface,38,Image 1,1,26351,
4.88551e+06,,Surface,38,Image 1,1,26352,
5.41435e+06,,Surface,38,Image 1,1,26353,
5.30802e+06,,Surface,38,Image 1,1,26354,
6.05508e+06,,Surface,38,Image 1,1,26355,
8.34311e+07,,Surface,38,Image 1,1,26357,
9.60579e+07,,Surface,38,Image 1,1,26359,
2.56932e+07,,Surface,38,Image 1,1,26362,
7.81402e+07,,Surface,38,Image 1,1,26364,
4.32698e+07,,Surface,38,Image 1,1,26365,
2.94239e+07,,Surface,38,Image 1,1,26366,
5.94922e+07,,Surface,38,Image 1,1,26368,
2.80893e+07,,Surface,38,Image 1,1,26369,
4.33479e+07,,Surface,38,Image 1,1,26370,
2.03106e+07,,Surface,38,Image 1,1,26371,
1.8251e+07,,Surface,38,Image 1,1,26375,
5.6469e+07,,Surface,38,Image 1,1,26382,
2.36024e+08,,Surface,38,Image 1,1,26383,
1.3615e+06,,Surface,38,Image 1,1,26384,
5.04155e+07,,Surface,38,Image 1,1,26385,
6.50141e+07,,Surface,38,Image 1,1,26386,
5.26608e+07,,Surface,38,Image 1,1,26387,
3.04786e+07,,Surface,38,Image 1,1,26388,
7.91399e+07,,Surface,38,Image 1,1,26389,
2.52842e+07,,Surface,38,Image 1,1,26390,
1.92065e+07,,Surface,38,Image 1,1,26391,
2.63475e+07,,Surface,38,Image 1,1,26392,
1.01882e+08,,Surface,38,Image 1,1,26393,
1.20161e+08,,Surface,38,Image 1,1,26394,
4.6095e+07,,Surface,38,Image 1,1,26395,
2.0295e+07,,Surface,38,Image 1,1,26396,
8.70744e+07,,Surface,38,Image 1,1,26397,
5.54521e+07,,Surface,38,Image 1,1,26398,
8.63808e+07,,Surface,38,Image 1,1,26399,
6.61017e+07,,Surface,38,Image 1,1,26401,
2.31434e+07,,Surface,38,Image 1,1,26402,
6.91761e+07,,Surface,38,Image 1,1,26404,
3.67452e+07,,Surface,38,Image 1,1,26406,
7.96989e+07,,Surface,38,Image 1,1,26407,
6.90663e+07,,Surface,38,Image 1,1,26408,
3.14523e+07,,Surface,38,Image 1,1,26409,
1.88518e+07,,Surface,38,Image 1,1,26410,
8.34749e+07,,Surface,38,Image 1,1,26411,
7.04047e+07,,Surface,38,Image 1,1,26412,
4.5772e+07,,Surface,38,Image 1,1,26413,
1.09582e+08,,Surface,38,Image 1,1,26414,
8.60749e+07,,Surface,38,Image 1,1,26415,
6.17453e+07,,Surface,38,Image 1,1,26417,
1.44115e+07,,Surface,38,Image 1,1,26418,
2.16753e+08,,Surface,38,Image 1,1,26419,
1.09763e+07,,Surface,38,Image 1,1,26420,
6.28539e+07,,Surface,38,Image 1,1,26421,
8.24364e+07,,Surface,38,Image 1,1,26423,
8.01455e+06,,Surface,38,Image 1,1,26425,
6.37108e+07,,Surface,38,Image 1,1,26426,
8.0746e+07,,Surface,38,Image 1,1,26427,
7.22623e+07,,Surface,38,Image 1,1,26428,
3.9043e+07,,Surface,38,Image 1,1,26429,
1.59442e+07,,Surface,38,Image 1,1,26430,
5.2588e+07,,Surface,38,Image 1,1,26431,
2.32555e+07,,Surface,38,Image 1,1,26432,
2.80615e+07,,Surface,38,Image 1,1,26433,
5.8058e+07,,Surface,38,Image 1,1,26434,
1.8787e+08,,Surface,38,Image 1,1,26435,
9.4372e+07,,Surface,38,Image 1,1,26436,
4.41111e+07,,Surface,38,Image 1,1,26437,
2.02367e+08,,Surface,38,Image 1,1,26438,
2.48432e+07,,Surface,38,Image 1,1,26439,
1.19081e+08,,Surface,38,Image 1,1,26440,
2.39134e+08,,Surface,38,Image 1,1,26441,
7.57633e+07,,Surface,38,Image 1,1,26442,
5.78519e+07,,Surface,38,Image 1,1,26443,
4.3108e+07,,Surface,38,Image 1,1,26444,
2.61516e+07,,Surface,38,Image 1,1,26446,
6.24085e+07,,Surface,38,Image 1,1,26448,
1.25797e+08,,Surface,38,Image 1,1,26451,
4.00331e+07,,Surface,38,Image 1,1,26452,
1.9643e+07,,Surface,38,Image 1,1,26453,
9.65841e+07,,Surface,38,Image 1,1,26456,
7.05571e+07,,Surface,38,Image 1,1,26457,
6.35638e+06,,Surface,38,Image 1,1,26458,
2.81583e+07,,Surface,38,Image 1,1,26459,
4.99006e+07,,Surface,38,Image 1,1,26460,
3.73208e+07,,Surface,38,Image 1,1,26461,
1.23001e+08,,Surface,38,Image 1,1,26462,
4.24952e+06,,Surface,38,Image 1,1,26463,
1.78646e+08,,Surface,38,Image 1,1,26464,
2.25461e+07,,Surface,38,Image 1,1,26465,
6.47399e+07,,Surface,38,Image 1,1,26466,
5.04003e+07,,Surface,38,Image 1,1,26467,
1.22643e+08,,Surface,38,Image 1,1,26468,
9.71908e+06,,Surface,38,Image 1,1,26469,
8.6436e+07,,Surface,38,Image 1,1,26471,
9.94345e+07,,Surface,38,Image 1,1,26472,
2.30152e+07,,Surface,38,Image 1,1,26473,
3.6296e+07,,Surface,38,Image 1,1,26474,
1.60885e+07,,Surface,38,Image 1,1,26475,
1.66377e+07,,Surface,38,Image 1,1,26476,
2.41272e+07,,Surface,38,Image 1,1,26477,
9.16824e+07,,Surface,38,Image 1,1,26478,
1.28863e+07,,Surface,38,Image 1,1,26480,
5.89189e+07,,Surface,38,Image 1,1,26481,
2.82346e+07,,Surface,38,Image 1,1,26482,
1.49082e+08,,Surface,38,Image 1,1,26483,
5.25811e+07,,Surface,38,Image 1,1,26484,
3.47376e+07,,Surface,38,Image 1,1,26485,
2.75818e+07,,Surface,38,Image 1,1,26486,
4.67077e+07,,Surface,38,Image 1,1,26487,
1.1068e+08,,Surface,38,Image 1,1,26488,
3.36384e+07,,Surface,38,Image 1,1,26489,
6.33258e+07,,Surface,38,Image 1,1,26490,
4.43668e+07,,Surface,38,Image 1,1,26491,
2.73694e+07,,Surface,38,Image 1,1,26492,
5.16657e+07,,Surface,38,Image 1,1,26493,
2.64459e+07,,Surface,38,Image 1,1,26494,
7.18675e+07,,Surface,38,Image 1,1,26495,
2.84417e+07,,Surface,38,Image 1,1,26497,
2.60097e+07,,Surface,38,Image 1,1,26498,
5.52774e+07,,Surface,38,Image 1,1,26499,
4.3577e+07,,Surface,38,Image 1,1,26502,
1.16879e+07,,Surface,38,Image 1,1,26503,
7.29287e+07,,Surface,38,Image 1,1,26504,
4.42352e+07,,Surface,38,Image 1,1,26506,
7.66617e+06,,Surface,38,Image 1,1,26507,
4.34155e+07,,Surface,38,Image 1,1,26509,
7.47925e+07,,Surface,38,Image 1,1,26510,
2.31975e+08,,Surface,38,Image 1,1,26512,
5.94682e+07,,Surface,38,Image 1,1,26513,
1.47562e+08,,Surface,38,Image 1,1,26514,
2.26606e+07,,Surface,38,Image 1,1,26515,
2.49815e+07,,Surface,38,Image 1,1,26516,
1.74118e+07,,Surface,38,Image 1,1,26517,
4.98173e+07,,Surface,38,Image 1,1,26518,
6.34508e+07,,Surface,38,Image 1,1,26521,
5.12844e+07,,Surface,38,Image 1,1,26522,
5.91601e+07,,Surface,38,Image 1,1,26523,
8.12715e+07,,Surface,38,Image 1,1,26524,
3.47267e+07,,Surface,38,Image 1,1,26525,
2.6995e+07,,Surface,38,Image 1,1,26526,
1.14418e+08,,Surface,38,Image 1,1,26527,
1.40501e+07,,Surface,38,Image 1,1,26528,
4.46229e+07,,Surface,38,Image 1,1,26529,
2.47542e+07,,Surface,38,Image 1,1,26530,
1.38715e+08,,Surface,38,Image 1,1,26531,
1.69528e+07,,Surface,38,Image 1,1,26532,
3.18851e+07,,Surface,38,Image 1,1,26533,
2.6534e+07,,Surface,38,Image 1,1,26534,
4.23419e+07,,Surface,38,Image 1,1,26535,
2.81849e+07,,Surface,38,Image 1,1,26536,
2.09231e+07,,Surface,38,Image 1,1,26537,
2.23666e+07,,Surface,38,Image 1,1,26538,
1.68802e+07,,Surface,38,Image 1,1,26539,
1.0707e+07,,Surface,38,Image 1,1,26541,
6.44171e+07,,Surface,38,Image 1,1,26542,
1.30541e+08,,Surface,38,Image 1,1,26543,
1.52218e+07,,Surface,38,Image 1,1,26544,
4.16183e+07,,Surface,38,Image 1,1,26545,
5.07173e+07,,Surface,38,Image 1,1,26546,
1.51202e+07,,Surface,38,Image 1,1,26547,
1.33719e+07,,Surface,38,Image 1,1,26548,
1.15233e+07,,Surface,38,Image 1,1,26549,
3.49857e+07,,Surface,38,Image 1,1,26550,
1.46473e+07,,Surface,38,Image 1,1,26551,
3.60784e+07,,Surface,38,Image 1,1,26552,
4.57079e+07,,Surface,38,Image 1,1,26553,
4.54071e+07,,Surface,38,Image 1,1,26554,
2.24656e+07,,Surface,38,Image 1,1,26555,
2.16357e+07,,Surface,38,Image 1,1,26556,
3.38692e+07,,Surface,38,Image 1,1,26557,
6.99526e+07,,Surface,38,Image 1,1,26558,
1.07888e+08,,Surface,38,Image 1,1,26559,
4.42578e+07,,Surface,38,Image 1,1,26560,
3.06107e+07,,Surface,38,Image 1,1,26561,
4.00519e+07,,Surface,38,Image 1,1,26562,
1.46391e+07,,Surface,38,Image 1,1,26563,
9.65686e+06,,Surface,38,Image 1,1,26564,
8.6276e+07,,Surface,38,Image 1,1,26565,
7.52021e+07,,Surface,38,Image 1,1,26567,
4.89696e+07,,Surface,38,Image 1,1,26568,
3.40296e+07,,Surface,38,Image 1,1,26569,
4.63531e+07,,Surface,38,Image 1,1,26570,
5.58103e+07,,Surface,38,Image 1,1,26571,
8.02663e+07,,Surface,38,Image 1,1,26572,
3.44275e+07,,Surface,38,Image 1,1,26573,
5.11708e+07,,Surface,38,Image 1,1,26574,
3.91921e+07,,Surface,38,Image 1,1,26575,
2.62634e+08,,Surface,38,Image 1,1,26576,
5.78148e+07,,Surface,38,Image 1,1,26577,
3.18115e+07,,Surface,38,Image 1,1,26578,
1.55998e+07,,Surface,38,Image 1,1,26580,
9.73073e+06,,Surface,38,Image 1,1,26581,
9.61114e+07,,Surface,38,Image 1,1,26582,
7.96812e+06,,Surface,38,Image 1,1,26583,
4.0399e+07,,Surface,38,Image 1,1,26584,
6.19038e+07,,Surface,38,Image 1,1,26585,
2.68551e+07,,Surface,38,Image 1,1,26586,
4.47026e+07,,Surface,38,Image 1,1,26587,
3.07374e+07,,Surface,38,Image 1,1,26589,
8.5398e+06,,Surface,38,Image 1,1,26591,
1.85323e+08,,Surface,38,Image 1,1,26592,
1.37887e+08,,Surface,38,Image 1,1,26593,
6.77789e+07,,Surface,38,Image 1,1,26594,
3.32904e+07,,Surface,38,Image 1,1,26595,
5.3604e+07,,Surface,38,Image 1,1,26597,
1.10517e+08,,Surface,38,Image 1,1,26598,
8.27504e+07,,Surface,38,Image 1,1,26599,
1.08784e+08,,Surface,38,Image 1,1,26600,
2.47595e+07,,Surface,38,Image 1,1,26601,
1.1619e+07,,Surface,38,Image 1,1,26602,
2.30534e+08,,Surface,38,Image 1,1,26603,
3.10704e+07,,Surface,38,Image 1,1,26604,
7.53371e+06,,Surface,38,Image 1,1,26606,
6.31765e+07,,Surface,38,Image 1,1,26607,
1.52555e+07,,Surface,38,Image 1,1,26608,
1.00371e+08,,Surface,38,Image 1,1,26609,
1.01211e+08,,Surface,38,Image 1,1,26610,
8.63194e+07,,Surface,38,Image 1,1,26611,
4.97343e+07,,Surface,38,Image 1,1,26612,
3.68104e+07,,Surface,38,Image 1,1,26614,
6.80944e+07,,Surface,38,Image 1,1,26616,
9.16791e+07,,Surface,38,Image 1,1,26617,
5.78306e+06,,Surface,38,Image 1,1,26621,
4.33644e+06,,Surface,38,Image 1,1,26622,
6.63811e+06,,Surface,38,Image 1,1,26624,
5.66291e+07,,Surface,38,Image 1,1,26626,
8.67707e+07,,Surface,38,Image 1,1,26627,
1.41633e+07,,Surface,38,Image 1,1,26628,
6.79347e+07,,Surface,38,Image 1,1,26630,
5.38222e+06,,Surface,38,Image 1,1,26632,
2.48682e+07,,Surface,38,Image 1,1,26633,
6.08825e+07,,Surface,38,Image 1,1,26635,
2.02839e+07,,Surface,38,Image 1,1,26636,
4.61427e+07,,Surface,38,Image 1,1,26637,
6.63947e+07,,Surface,38,Image 1,1,26638,
1.74611e+08,,Surface,38,Image 1,1,26639,
3.9879e+07,,Surface,38,Image 1,1,26640,
2.46916e+07,,Surface,38,Image 1,1,26641,
3.36016e+07,,Surface,38,Image 1,1,26642,
2.601e+07,,Surface,38,Image 1,1,26643,
1.95855e+07,,Surface,38,Image 1,1,26644,
1.30455e+08,,Surface,38,Image 1,1,26645,
3.37342e+07,,Surface,38,Image 1,1,26646,
8.51155e+07,,Surface,38,Image 1,1,26647,
3.32074e+07,,Surface,38,Image 1,1,26649,
7.29875e+07,,Surface,38,Image 1,1,26652,
6.42868e+07,,Surface,38,Image 1,1,26654,
1.24408e+08,,Surface,38,Image 1,1,26655,
1.34951e+07,,Surface,38,Image 1,1,26658,
2.90088e+07,,Surface,38,Image 1,1,26659,
6.61924e+07,,Surface,38,Image 1,1,26660,
5.38936e+06,,Surface,38,Image 1,1,26661,
1.60885e+07,,Surface,38,Image 1,1,26662,
6.11164e+07,,Surface,38,Image 1,1,26663,
9.00073e+07,,Surface,38,Image 1,1,26664,
3.07856e+07,,Surface,38,Image 1,1,26665,
1.074e+07,,Surface,38,Image 1,1,26666,
4.26778e+07,,Surface,38,Image 1,1,26667,
1.75879e+07,,Surface,38,Image 1,1,26668,
1.72577e+08,,Surface,38,Image 1,1,26669,
1.91491e+07,,Surface,38,Image 1,1,26670,
5.19922e+07,,Surface,38,Image 1,1,26671,
7.4833e+07,,Surface,38,Image 1,1,26672,
8.38067e+06,,Surface,38,Image 1,1,26673,
1.75938e+07,,Surface,38,Image 1,1,26674,
1.17704e+08,,Surface,38,Image 1,1,26675,
9.92588e+06,,Surface,38,Image 1,1,26676,
4.01969e+07,,Surface,38,Image 1,1,26677,
4.41485e+07,,Surface,38,Image 1,1,26678,
1.86275e+08,,Surface,38,Image 1,1,26679,
2.10602e+07,,Surface,38,Image 1,1,26681,
1.90773e+07,,Surface,38,Image 1,1,26682,
2.96572e+07,,Surface,38,Image 1,1,26683,
5.0845e+07,,Surface,38,Image 1,1,26686,
1.78614e+07,,Surface,38,Image 1,1,26688,
6.27173e+07,,Surface,38,Image 1,1,26689,
6.70906e+07,,Surface,38,Image 1,1,26690,
3.41913e+07,,Surface,38,Image 1,1,26691,
6.46002e+07,,Surface,38,Image 1,1,26692,
7.4924e+07,,Surface,38,Image 1,1,26694,
5.38131e+07,,Surface,38,Image 1,1,26695,
2.28916e+07,,Surface,38,Image 1,1,26696,
7.01737e+07,,Surface,38,Image 1,1,26697,
1.14634e+07,,Surface,38,Image 1,1,26699,
1.13661e+08,,Surface,38,Image 1,1,26700,
2.16221e+07,,Surface,38,Image 1,1,26701,
1.05085e+08,,Surface,38,Image 1,1,26702,
9.28832e+07,,Surface,38,Image 1,1,26703,
2.14117e+07,,Surface,38,Image 1,1,26704,
1.40699e+07,,Surface,38,Image 1,1,26705,
4.28826e+07,,Surface,38,Image 1,1,26706,
4.07128e+07,,Surface,38,Image 1,1,26707,
6.36919e+07,,Surface,38,Image 1,1,26708,
3.32624e+07,,Surface,38,Image 1,1,26709,
4.1417e+07,,Surface,38,Image 1,1,26710,
1.28286e+08,,Surface,38,Image 1,1,26711,
2.89457e+08,,Surface,38,Image 1,1,26712,
2.02757e+07,,Surface,38,Image 1,1,26713,
1.48499e+07,,Surface,38,Image 1,1,26714,
1.58037e+07,,Surface,38,Image 1,1,26716,
3.21665e+07,,Surface,38,Image 1,1,26717,
1.228e+07,,Surface,38,Image 1,1,26718,
5.32415e+07,,Surface,38,Image 1,1,26719,
3.34e+07,,Surface,38,Image 1,1,26720,
6.38082e+07,,Surface,38,Image 1,1,26722,
4.58378e+07,,Surface,38,Image 1,1,26723,
2.99697e+07,,Surface,38,Image 1,1,26724,
2.05724e+07,,Surface,38,Image 1,1,26725,
5.96057e+07,,Surface,38,Image 1,1,26726,
2.23304e+07,,Surface,38,Image 1,1,26727,
9.64749e+06,,Surface,38,Image 1,1,26728,
2.58858e+07,,Surface,38,Image 1,1,26729,
6.95244e+07,,Surface,38,Image 1,1,26730,
2.26472e+07,,Surface,38,Image 1,1,26731,
2.08788e+07,,Surface,38,Image 1,1,26732,
5.98882e+07,,Surface,38,Image 1,1,26733,
1.34678e+07,,Surface,38,Image 1,1,26734,
1.20435e+07,,Surface,38,Image 1,1,26735,
4.78722e+07,,Surface,38,Image 1,1,26736,
3.27023e+07,,Surface,38,Image 1,1,26737,
5.6509e+07,,Surface,38,Image 1,1,26739,
2.29702e+07,,Surface,38,Image 1,1,26740,
4.86953e+07,,Surface,38,Image 1,1,26741,
8.65301e+07,,Surface,38,Image 1,1,26742,
2.49687e+07,,Surface,38,Image 1,1,26743,
3.83784e+07,,Surface,38,Image 1,1,26745,
5.30563e+07,,Surface,38,Image 1,1,26746,
2.59201e+07,,Surface,38,Image 1,1,26747,
3.20572e+07,,Surface,38,Image 1,1,26748,
2.34552e+07,,Surface,38,Image 1,1,26749,
3.1302e+07,,Surface,38,Image 1,1,26750,
2.3662e+07,,Surface,38,Image 1,1,26751,
2.75499e+07,,Surface,38,Image 1,1,26752,
2.69043e+07,,Surface,38,Image 1,1,26753,
5.8005e+07,,Surface,38,Image 1,1,26754,
8.89306e+07,,Surface,38,Image 1,1,26755,
5.10305e+07,,Surface,38,Image 1,1,26756,
3.59827e+07,,Surface,38,Image 1,1,26758,
3.82081e+07,,Surface,38,Image 1,1,26759,
3.45286e+07,,Surface,38,Image 1,1,26760,
3.3619e+07,,Surface,38,Image 1,1,26761,
4.59805e+07,,Surface,38,Image 1,1,26762,
1.49045e+07,,Surface,38,Image 1,1,26763,
3.34881e+07,,Surface,38,Image 1,1,26764,
7.00707e+06,,Surface,38,Image 1,1,26765,
2.3854e+07,,Surface,38,Image 1,1,26766,
3.72007e+07,,Surface,38,Image 1,1,26767,
4.59699e+07,,Surface,38,Image 1,1,26768,
3.68543e+07,,Surface,38,Image 1,1,26771,
5.9299e+07,,Surface,38,Image 1,1,26772,
4.59291e+07,,Surface,38,Image 1,1,26773,
2.2211e+07,,Surface,38,Image 1,1,26774,
1.42702e+07,,Surface,38,Image 1,1,26776,
1.52396e+08,,Surface,38,Image 1,1,26777,
3.2058e+07,,Surface,38,Image 1,1,26778,
7.19871e+06,,Surface,38,Image 1,1,26779,
5.04702e+07,,Surface,38,Image 1,1,26780,
7.42543e+07,,Surface,38,Image 1,1,26781,
7.66008e+07,,Surface,38,Image 1,1,26783,
3.05363e+07,,Surface,38,Image 1,1,26784,
5.97592e+07,,Surface,38,Image 1,1,26785,
1.53341e+08,,Surface,38,Image 1,1,26786,
6.58938e+07,,Surface,38,Image 1,1,26787,
4.82273e+07,,Surface,38,Image 1,1,26788,
2.61025e+07,,Surface,38,Image 1,1,26789,
2.1956e+07,,Surface,38,Image 1,1,26790,
3.9937e+07,,Surface,38,Image 1,1,26791,
4.72853e+07,,Surface,38,Image 1,1,26792,
2.2232e+08,,Surface,38,Image 1,1,26793,
7.2022e+06,,Surface,38,Image 1,1,26794,
3.04674e+07,,Surface,38,Image 1,1,26795,
6.40769e+07,,Surface,38,Image 1,1,26796,
1.51197e+08,,Surface,38,Image 1,1,26797,
1.09995e+07,,Surface,38,Image 1,1,26798,
5.3246e+07,,Surface,38,Image 1,1,26799,
3.4649e+07,,Surface,38,Image 1,1,26800,
1.13081e+08,,Surface,38,Image 1,1,26801,
2.73379e+07,,Surface,38,Image 1,1,26802,
8.21852e+06,,Surface,38,Image 1,1,26803,
4.84788e+07,,Surface,38,Image 1,1,26804,
4.68502e+07,,Surface,38,Image 1,1,26805,
6.7627e+07,,Surface,38,Image 1,1,26806,
2.73285e+07,,Surface,38,Image 1,1,26807,
9.80945e+07,,Surface,38,Image 1,1,26808,
2.48914e+07,,Surface,38,Image 1,1,26809,
1.53925e+07,,Surface,38,Image 1,1,26810,
2.58474e+07,,Surface,38,Image 1,1,26811,
2.4028e+07,,Surface,38,Image 1,1,26812,
1.31466e+07,,Surface,38,Image 1,1,26813,
1.1979e+08,,Surface,38,Image 1,1,26814,
2.71028e+07,,Surface,38,Image 1,1,26815,
1.09138e+07,,Surface,38,Image 1,1,26816,
7.25157e+07,,Surface,38,Image 1,1,26817,
1.44101e+08,,Surface,38,Image 1,1,26818,
2.90686e+07,,Surface,38,Image 1,1,26819,
4.47083e+06,,Surface,38,Image 1,1,26820,
9.40459e+07,,Surface,38,Image 1,1,26821,
2.09415e+08,,Surface,38,Image 1,1,26822,
1.20936e+08,,Surface,38,Image 1,1,26823,
3.22571e+07,,Surface,38,Image 1,1,26824,
1.06963e+08,,Surface,38,Image 1,1,26825,
2.62931e+07,,Surface,38,Image 1,1,26826,
3.79728e+07,,Surface,38,Image 1,1,26827,
1.8346e+07,,Surface,38,Image 1,1,26828,
4.5227e+07,,Surface,38,Image 1,1,26829,
5.2196e+07,,Surface,38,Image 1,1,26830,
5.95528e+07,,Surface,38,Image 1,1,26831,
4.22927e+07,,Surface,38,Image 1,1,26833,
2.86112e+07,,Surface,38,Image 1,1,26834,
1.81377e+07,,Surface,38,Image 1,1,26835,
2.85466e+07,,Surface,38,Image 1,1,26836,
1.77456e+07,,Surface,38,Image 1,1,26837,
5.28261e+07,,Surface,38,Image 1,1,26838,
3.73937e+07,,Surface,38,Image 1,1,26839,
4.62432e+07,,Surface,38,Image 1,1,26840,
4.06347e+07,,Surface,38,Image 1,1,26841,
3.87198e+07,,Surface,38,Image 1,1,26843,
3.87999e+07,,Surface,38,Image 1,1,26844,
5.93088e+06,,Surface,38,Image 1,1,26845,
8.05279e+07,,Surface,38,Image 1,1,26846,
3.22086e+07,,Surface,38,Image 1,1,26847,
1.50347e+08,,Surface,38,Image 1,1,26848,
6.36713e+07,,Surface,38,Image 1,1,26849,
1.76223e+07,,Surface,38,Image 1,1,26850,
8.65215e+06,,Surface,38,Image 1,1,26852,
6.59088e+07,,Surface,38,Image 1,1,26853,
4.46875e+07,,Surface,38,Image 1,1,26854,
2.93337e+07,,Surface,38,Image 1,1,26855,
9.30667e+07,,Surface,38,Image 1,1,26856,
1.86605e+07,,Surface,38,Image 1,1,26857,
4.30449e+07,,Surface,38,Image 1,1,26858,
4.81958e+07,,Surface,38,Image 1,1,26859,
5.0986e+07,,Surface,38,Image 1,1,26860,
3.93678e+07,,Surface,38,Image 1,1,26861,
3.57687e+07,,Surface,38,Image 1,1,26862,
2.842e+07,,Surface,38,Image 1,1,26863,
4.82599e+07,,Surface,38,Image 1,1,26864,
2.67221e+07,,Surface,38,Image 1,1,26865,
1.16391e+08,,Surface,38,Image 1,1,26866,
8.60422e+06,,Surface,38,Image 1,1,26867,
7.4128e+07,,Surface,38,Image 1,1,26869,
3.12418e+07,,Surface,38,Image 1,1,26870,
2.41838e+07,,Surface,38,Image 1,1,26871,
5.29433e+07,,Surface,38,Image 1,1,26872,
1.68122e+08,,Surface,38,Image 1,1,26873,
2.27653e+07,,Surface,38,Image 1,1,26874,
7.58147e+07,,Surface,38,Image 1,1,26875,
1.26848e+08,,Surface,38,Image 1,1,26876,
4.99056e+07,,Surface,38,Image 1,1,26877,
2.6949e+07,,Surface,38,Image 1,1,26878,
4.1383e+07,,Surface,38,Image 1,1,26880,
1.55397e+07,,Surface,38,Image 1,1,26881,
2.49192e+07,,Surface,38,Image 1,1,26882,
1.06314e+07,,Surface,38,Image 1,1,26883,
4.37325e+07,,Surface,38,Image 1,1,26884,
9.29665e+06,,Surface,38,Image 1,1,26885,
2.30684e+07,,Surface,38,Image 1,1,26886,
5.46576e+07,,Surface,38,Image 1,1,26888,
8.5735e+07,,Surface,38,Image 1,1,26889,
2.87671e+07,,Surface,38,Image 1,1,26890,
3.84007e+07,,Surface,38,Image 1,1,26891,
5.7735e+07,,Surface,38,Image 1,1,26892,
1.56602e+07,,Surface,38,Image 1,1,26893,
3.75308e+07,,Surface,38,Image 1,1,26894,
2.28609e+07,,Surface,38,Image 1,1,26895,
4.43377e+07,,Surface,38,Image 1,1,26896,
5.80516e+07,,Surface,38,Image 1,1,26897,
5.77026e+07,,Surface,38,Image 1,1,26898,
1.53323e+07,,Surface,38,Image 1,1,26899,
1.95814e+07,,Surface,38,Image 1,1,26900,
2.90826e+07,,Surface,38,Image 1,1,26901,
1.77637e+08,,Surface,38,Image 1,1,26902,
6.5225e+07,,Surface,38,Image 1,1,26903,
3.14556e+07,,Surface,38,Image 1,1,26904,
7.75623e+07,,Surface,38,Image 1,1,26906,
4.55816e+07,,Surface,38,Image 1,1,26907,
2.71755e+07,,Surface,38,Image 1,1,26908,
4.46455e+07,,Surface,38,Image 1,1,26909,
2.55951e+07,,Surface,38,Image 1,1,26910,
2.01657e+08,,Surface,38,Image 1,1,26911,
2.72128e+07,,Surface,38,Image 1,1,26912,
2.91222e+07,,Surface,38,Image 1,1,26913,
1.00276e+08,,Surface,38,Image 1,1,26914,
4.39106e+07,,Surface,38,Image 1,1,26915,
1.07008e+08,,Surface,38,Image 1,1,26916,
7.22101e+07,,Surface,38,Image 1,1,26917,
3.08459e+07,,Surface,38,Image 1,1,26918,
4.39626e+07,,Surface,38,Image 1,1,26920,
3.16222e+07,,Surface,38,Image 1,1,26921,
1.78156e+08,,Surface,38,Image 1,1,26922,
4.86924e+07,,Surface,38,Image 1,1,26923,
1.12902e+08,,Surface,38,Image 1,1,26924,
3.69773e+07,,Surface,38,Image 1,1,26925,
6.93878e+07,,Surface,38,Image 1,1,26926,
3.19095e+07,,Surface,38,Image 1,1,26927,
1.43944e+07,,Surface,38,Image 1,1,26929,
2.04257e+07,,Surface,38,Image 1,1,26930,
5.31e+07,,Surface,38,Image 1,1,26932,
4.67567e+07,,Surface,38,Image 1,1,26933,
6.19096e+07,,Surface,38,Image 1,1,26934,
2.40778e+07,,Surface,38,Image 1,1,26935,
6.71754e+07,,Surface,38,Image 1,1,26936,
3.79858e+07,,Surface,38,Image 1,1,26937,
1.74795e+07,,Surface,38,Image 1,1,26938,
4.12522e+07,,Surface,38,Image 1,1,26939,
5.1118e+07,,Surface,38,Image 1,1,26940,
2.44354e+07,,Surface,38,Image 1,1,26941,
8.65327e+06,,Surface,38,Image 1,1,26942,
3.31115e+07,,Surface,38,Image 1,1,26944,
5.11267e+07,,Surface,38,Image 1,1,26945,
1.26654e+07,,Surface,38,Image 1,1,26946,
8.84464e+07,,Surface,38,Image 1,1,26947,
1.9757e+07,,Surface,38,Image 1,1,26948,
4.39741e+07,,Surface,38,Image 1,1,26949,
2.69957e+07,,Surface,38,Image 1,1,26950,
1.02244e+07,,Surface,38,Image 1,1,26951,
9.00164e+07,,Surface,38,Image 1,1,26952,
5.01281e+07,,Surface,38,Image 1,1,26953,
2.1965e+07,,Surface,38,Image 1,1,26954,
8.59476e+07,,Surface,38,Image 1,1,26956,
1.09097e+08,,Surface,38,Image 1,1,26957,
6.03724e+07,,Surface,38,Image 1,1,26958,
3.99078e+07,,Surface,38,Image 1,1,26960,
4.53036e+07,,Surface,38,Image 1,1,26961,
7.68836e+07,,Surface,38,Image 1,1,26962,
2.2671e+07,,Surface,38,Image 1,1,26963,
9.20198e+06,,Surface,38,Image 1,1,26964,
9.07117e+07,,Surface,38,Image 1,1,26965,
1.63937e+07,,Surface,38,Image 1,1,26966,
5.89413e+07,,Surface,38,Image 1,1,26967,
2.21457e+07,,Surface,38,Image 1,1,26968,
4.2369e+07,,Surface,38,Image 1,1,26970,
3.16786e+07,,Surface,38,Image 1,1,26971,
6.21462e+06,,Surface,38,Image 1,1,26972,
7.12654e+06,,Surface,38,Image 1,1,26973,
1.96932e+07,,Surface,38,Image 1,1,26974,
7.7454e+07,,Surface,38,Image 1,1,26975,
1.39892e+07,,Surface,38,Image 1,1,26976,
1.01217e+07,,Surface,38,Image 1,1,26977,
7.943e+07,,Surface,38,Image 1,1,26978,
1.33371e+07,,Surface,38,Image 1,1,26980,
4.60142e+07,,Surface,38,Image 1,1,26981,
3.73198e+07,,Surface,38,Image 1,1,26982,
5.19994e+07,,Surface,38,Image 1,1,26983,
3.08868e+07,,Surface,38,Image 1,1,26984,
3.737e+07,,Surface,38,Image 1,1,26985,
3.83044e+07,,Surface,38,Image 1,1,26986,
1.30339e+08,,Surface,38,Image 1,1,26987,
2.67001e+07,,Surface,38,Image 1,1,26988,
4.25262e+07,,Surface,38,Image 1,1,26989,
2.3244e+07,,Surface,38,Image 1,1,26990,
4.94137e+07,,Surface,38,Image 1,1,26992,
1.31707e+07,,Surface,38,Image 1,1,26993,
4.39922e+07,,Surface,38,Image 1,1,26994,
3.27069e+07,,Surface,38,Image 1,1,26995,
2.18414e+08,,Surface,38,Image 1,1,26996,
1.87097e+07,,Surface,38,Image 1,1,26997,
8.24996e+07,,Surface,38,Image 1,1,26998,
2.54985e+07,,Surface,38,Image 1,1,26999,
3.1705e+07,,Surface,38,Image 1,1,27000,
4.59375e+07,,Surface,38,Image 1,1,27001,
4.11615e+07,,Surface,38,Image 1,1,27002,
1.44641e+08,,Surface,38,Image 1,1,27003,
1.94641e+07,,Surface,38,Image 1,1,27004,
3.64818e+07,,Surface,38,Image 1,1,27005,
2.9036e+07,,Surface,38,Image 1,1,27006,
3.53683e+07,,Surface,38,Image 1,1,27007,
1.68236e+07,,Surface,38,Image 1,1,27008,
3.49425e+07,,Surface,38,Image 1,1,27011,
1.60891e+07,,Surface,38,Image 1,1,27012,
5.64406e+07,,Surface,38,Image 1,1,27013,
3.06305e+07,,Surface,38,Image 1,1,27015,
3.58216e+07,,Surface,38,Image 1,1,27016,
1.99084e+07,,Surface,38,Image 1,1,27017,
4.84329e+07,,Surface,38,Image 1,1,27018,
3.37542e+07,,Surface,38,Image 1,1,27019,
1.58355e+07,,Surface,38,Image 1,1,27020,
3.90479e+07,,Surface,38,Image 1,1,27021,
1.12542e+08,,Surface,38,Image 1,1,27022,
4.81643e+07,,Surface,38,Image 1,1,27023,
5.06765e+07,,Surface,38,Image 1,1,27024,
3.987e+06,,Surface,38,Image 1,1,27025,
1.25728e+08,,Surface,38,Image 1,1,27026,
5.07189e+07,,Surface,38,Image 1,1,27027,
1.76618e+07,,Surface,38,Image 1,1,27028,
3.93707e+07,,Surface,38,Image 1,1,27029,
4.40048e+07,,Surface,38,Image 1,1,27030,
9.70148e+07,,Surface,38,Image 1,1,27031,
1.79706e+07,,Surface,38,Image 1,1,27032,
7.35577e+07,,Surface,38,Image 1,1,27035,
2.67332e+07,,Surface,38,Image 1,1,27036,
5.78908e+07,,Surface,38,Image 1,1,27037,
8.73446e+07,,Surface,38,Image 1,1,27038,
8.78216e+07,,Surface,38,Image 1,1,27039,
1.11958e+06,,Surface,38,Image 1,1,27041,
3.52626e+07,,Surface,38,Image 1,1,27042,
7.3188e+07,,Surface,38,Image 1,1,27043,
1.60863e+08,,Surface,38,Image 1,1,27044,
4.54576e+07,,Surface,38,Image 1,1,27045,
3.61549e+07,,Surface,38,Image 1,1,27046,
2.1283e+07,,Surface,38,Image 1,1,27047,
3.53669e+07,,Surface,38,Image 1,1,27048,
4.04449e+07,,Surface,38,Image 1,1,27049,
1.41047e+07,,Surface,38,Image 1,1,27050,
1.76697e+08,,Surface,38,Image 1,1,27051,
4.44578e+07,,Surface,38,Image 1,1,27052,
4.22745e+07,,Surface,38,Image 1,1,27053,
5.29731e+07,,Surface,38,Image 1,1,27054,
4.34241e+07,,Surface,38,Image 1,1,27055,
9.24421e+07,,Surface,38,Image 1,1,27056,
4.23998e+07,,Surface,38,Image 1,1,27057,
7.04861e+07,,Surface,38,Image 1,1,27058,
2.28262e+07,,Surface,38,Image 1,1,27059,
3.65078e+07,,Surface,38,Image 1,1,27060,
4.89554e+07,,Surface,38,Image 1,1,27061,
2.12323e+07,,Surface,38,Image 1,1,27062,
5.35333e+07,,Surface,38,Image 1,1,27063,
1.08703e+08,,Surface,38,Image 1,1,27064,
5.67076e+07,,Surface,38,Image 1,1,27065,
6.18396e+06,,Surface,38,Image 1,1,27066,
3.5942e+07,,Surface,38,Image 1,1,27067,
1.64123e+08,,Surface,38,Image 1,1,27068,
1.03649e+08,,Surface,38,Image 1,1,27069,
5.87009e+07,,Surface,38,Image 1,1,27070,
1.40537e+07,,Surface,38,Image 1,1,27071,
2.77224e+07,,Surface,38,Image 1,1,27072,
5.64847e+07,,Surface,38,Image 1,1,27074,
5.05822e+07,,Surface,38,Image 1,1,27075,
1.02729e+07,,Surface,38,Image 1,1,27076,
1.19446e+08,,Surface,38,Image 1,1,27077,
3.32364e+07,,Surface,38,Image 1,1,27078,
5.89751e+07,,Surface,38,Image 1,1,27079,
5.09714e+07,,Surface,38,Image 1,1,27080,
8.76884e+07,,Surface,38,Image 1,1,27081,
2.77004e+07,,Surface,38,Image 1,1,27083,
5.22437e+07,,Surface,38,Image 1,1,27084,
4.42876e+07,,Surface,38,Image 1,1,27085,
1.81551e+08,,Surface,38,Image 1,1,27086,
1.21333e+07,,Surface,38,Image 1,1,27087,
7.43634e+07,,Surface,38,Image 1,1,27088,
5.48856e+07,,Surface,38,Image 1,1,27089,
4.15448e+07,,Surface,38,Image 1,1,27090,
2.60269e+07,,Surface,38,Image 1,1,27091,
3.09377e+07,,Surface,38,Image 1,1,27092,
2.1499e+07,,Surface,38,Image 1,1,27093,
7.17939e+07,,Surface,38,Image 1,1,27094,
6.16919e+07,,Surface,38,Image 1,1,27095,
5.21609e+07,,Surface,38,Image 1,1,27096,
1.74131e+07,,Surface,38,Image 1,1,27097,
5.67201e+07,,Surface,38,Image 1,1,27098,
3.61774e+07,,Surface,38,Image 1,1,27099,
4.18105e+07,,Surface,38,Image 1,1,27100,
2.46622e+07,,Surface,38,Image 1,1,27101,
4.22769e+07,,Surface,38,Image 1,1,27102,
2.62174e+07,,Surface,38,Image 1,1,27103,
1.58638e+08,,Surface,38,Image 1,1,27104,
3.31682e+07,,Surface,38,Image 1,1,27105,
1.24776e+08,,Surface,38,Image 1,1,27106,
3.9495e+07,,Surface,38,Image 1,1,27107,
6.30814e+07,,Surface,38,Image 1,1,27109,
1.03603e+07,,Surface,38,Image 1,1,27110,
1.55209e+07,,Surface,38,Image 1,1,27111,
1.27586e+07,,Surface,38,Image 1,1,27113,
1.35487e+07,,Surface,38,Image 1,1,27114,
1.49429e+07,,Surface,38,Image 1,1,27115,
8.41627e+06,,Surface,38,Image 1,1,27116,
2.48254e+07,,Surface,38,Image 1,1,27118,
6.31668e+06,,Surface,38,Image 1,1,27119,
5.757e+07,,Surface,38,Image 1,1,27120,
1.18871e+08,,Surface,38,Image 1,1,27122,
3.29992e+07,,Surface,38,Image 1,1,27123,
3.91299e+07,,Surface,38,Image 1,1,27124,
3.58394e+07,,Surface,38,Image 1,1,27125,
2.43589e+07,,Surface,38,Image 1,1,27126,
1.41388e+07,,Surface,38,Image 1,1,27127,
4.78687e+07,,Surface,38,Image 1,1,27128,
4.32711e+07,,Surface,38,Image 1,1,27129,
3.67931e+07,,Surface,38,Image 1,1,27130,
3.56222e+07,,Surface,38,Image 1,1,27131,
3.5883e+07,,Surface,38,Image 1,1,27132,
8.59831e+07,,Surface,38,Image 1,1,27133,
3.0179e+07,,Surface,38,Image 1,1,27134,
2.70521e+07,,Surface,38,Image 1,1,27135,
7.38674e+07,,Surface,38,Image 1,1,27136,
1.64358e+07,,Surface,38,Image 1,1,27137,
4.49257e+07,,Surface,38,Image 1,1,27138,
1.17143e+07,,Surface,38,Image 1,1,27139,
4.60506e+07,,Surface,38,Image 1,1,27141,
6.02054e+07,,Surface,38,Image 1,1,27142,
5.3095e+07,,Surface,38,Image 1,1,27143,
4.21678e+07,,Surface,38,Image 1,1,27144,
3.07612e+07,,Surface,38,Image 1,1,27146,
5.21119e+07,,Surface,38,Image 1,1,27147,
5.3301e+07,,Surface,38,Image 1,1,27148,
5.86014e+07,,Surface,38,Image 1,1,27150,
1.93245e+07,,Surface,38,Image 1,1,27151,
1.11773e+07,,Surface,38,Image 1,1,27152,
7.88854e+06,,Surface,38,Image 1,1,27153,
1.71709e+07,,Surface,38,Image 1,1,27154,
1.29054e+07,,Surface,38,Image 1,1,27155,
3.05835e+07,,Surface,38,Image 1,1,27156,
3.62529e+07,,Surface,38,Image 1,1,27157,
8.04918e+07,,Surface,38,Image 1,1,27158,
5.21894e+07,,Surface,38,Image 1,1,27159,
9.11631e+07,,Surface,38,Image 1,1,27160,
9.30965e+06,,Surface,38,Image 1,1,27161,
2.76599e+07,,Surface,38,Image 1,1,27162,
8.09846e+07,,Surface,38,Image 1,1,27163,
2.89052e+07,,Surface,38,Image 1,1,27164,
1.85505e+07,,Surface,38,Image 1,1,27165,
3.15885e+07,,Surface,38,Image 1,1,27166,
7.75177e+07,,Surface,38,Image 1,1,27168,
2.03455e+07,,Surface,38,Image 1,1,27169,
7.12178e+07,,Surface,38,Image 1,1,27170,
5.89295e+06,,Surface,38,Image 1,1,27171,
5.12637e+07,,Surface,38,Image 1,1,27172,
3.54061e+07,,Surface,38,Image 1,1,27173,
4.02141e+07,,Surface,38,Image 1,1,27174,
6.65299e+07,,Surface,38,Image 1,1,27175,
1.69447e+07,,Surface,38,Image 1,1,27177,
3.87326e+07,,Surface,38,Image 1,1,27178,
3.33042e+07,,Surface,38,Image 1,1,27179,
7.80463e+06,,Surface,38,Image 1,1,27180,
2.59866e+07,,Surface,38,Image 1,1,27181,
1.84371e+08,,Surface,38,Image 1,1,27182,
6.64185e+07,,Surface,38,Image 1,1,27183,
1.43452e+07,,Surface,38,Image 1,1,27184,
2.26214e+07,,Surface,38,Image 1,1,27185,
4.10626e+07,,Surface,38,Image 1,1,27186,
3.42156e+07,,Surface,38,Image 1,1,27187,
1.00381e+08,,Surface,38,Image 1,1,27188,
8.47238e+07,,Surface,38,Image 1,1,27189,
6.95739e+07,,Surface,38,Image 1,1,27190,
2.90882e+07,,Surface,38,Image 1,1,27191,
2.69606e+07,,Surface,38,Image 1,1,27192,
4.09904e+07,,Surface,38,Image 1,1,27193,
5.0723e+07,,Surface,38,Image 1,1,27194,
7.46421e+06,,Surface,38,Image 1,1,27195,
8.3754e+06,,Surface,38,Image 1,1,27196,
6.45446e+06,,Surface,38,Image 1,1,27197,
1.39466e+07,,Surface,38,Image 1,1,27198,
3.86384e+07,,Surface,38,Image 1,1,27199,
1.12305e+08,,Surface,38,Image 1,1,27200,
9.73953e+07,,Surface,38,Image 1,1,27201,
4.37212e+07,,Surface,38,Image 1,1,27202,
1.21288e+07,,Surface,38,Image 1,1,27203,
4.99084e+07,,Surface,38,Image 1,1,27204,
5.39395e+07,,Surface,38,Image 1,1,27205,
7.84466e+07,,Surface,38,Image 1,1,27206,
2.75673e+07,,Surface,38,Image 1,1,27207,
6.31812e+07,,Surface,38,Image 1,1,27208,
5.88977e+07,,Surface,38,Image 1,1,27209,
3.21067e+07,,Surface,38,Image 1,1,27210,
1.05914e+08,,Surface,38,Image 1,1,27211,
3.90808e+07,,Surface,38,Image 1,1,27213,
1.8769e+07,,Surface,38,Image 1,1,27214,
1.1294e+07,,Surface,38,Image 1,1,27215,
2.05323e+07,,Surface,38,Image 1,1,27216,
2.25449e+07,,Surface,38,Image 1,1,27217,
2.48756e+07,,Surface,38,Image 1,1,27218,
7.63923e+07,,Surface,38,Image 1,1,27219,
1.9372e+08,,Surface,38,Image 1,1,27220,
3.04273e+07,,Surface,38,Image 1,1,27221,
2.60466e+07,,Surface,38,Image 1,1,27222,
3.45655e+07,,Surface,38,Image 1,1,27223,
3.0876e+07,,Surface,38,Image 1,1,27225,
3.52468e+07,,Surface,38,Image 1,1,27226,
1.89641e+07,,Surface,38,Image 1,1,27227,
5.85889e+07,,Surface,38,Image 1,1,27228,
2.15756e+07,,Surface,38,Image 1,1,27229,
8.53201e+07,,Surface,38,Image 1,1,27230,
3.17959e+07,,Surface,38,Image 1,1,27231,
7.30138e+06,,Surface,38,Image 1,1,27234,
6.06109e+07,,Surface,38,Image 1,1,27235,
3.99226e+07,,Surface,38,Image 1,1,27236,
4.17315e+07,,Surface,38,Image 1,1,27237,
3.99935e+07,,Surface,38,Image 1,1,27239,
3.63362e+07,,Surface,38,Image 1,1,27240,
5.74998e+07,,Surface,38,Image 1,1,27241,
4.06745e+07,,Surface,38,Image 1,1,27242,
1.6926e+07,,Surface,38,Image 1,1,27243,
9.56335e+07,,Surface,38,Image 1,1,27245,
1.24596e+08,,Surface,38,Image 1,1,27246,
2.55545e+07,,Surface,38,Image 1,1,27247,
1.80965e+07,,Surface,38,Image 1,1,27248,
2.63772e+07,,Surface,38,Image 1,1,27249,
8.66286e+07,,Surface,38,Image 1,1,27250,
2.35524e+07,,Surface,38,Image 1,1,27251,
9.23576e+07,,Surface,38,Image 1,1,27252,
5.63585e+07,,Surface,38,Image 1,1,27254,
7.77676e+06,,Surface,38,Image 1,1,27255,
4.93762e+07,,Surface,38,Image 1,1,27256,
4.2931e+07,,Surface,38,Image 1,1,27257,
2.76108e+07,,Surface,38,Image 1,1,27258,
6.49209e+06,,Surface,38,Image 1,1,27259,
8.25027e+06,,Surface,38,Image 1,1,27260,
2.66256e+07,,Surface,38,Image 1,1,27263,
2.08113e+07,,Surface,38,Image 1,1,27264,
2.89923e+07,,Surface,38,Image 1,1,27265,
1.48288e+07,,Surface,38,Image 1,1,27266,
9.68418e+07,,Surface,38,Image 1,1,27267,
1.7727e+08,,Surface,38,Image 1,1,27268,
3.00486e+07,,Surface,38,Image 1,1,27269,
4.92864e+07,,Surface,38,Image 1,1,27270,
2.00662e+07,,Surface,38,Image 1,1,27271,
4.89089e+07,,Surface,38,Image 1,1,27272,
2.73685e+07,,Surface,38,Image 1,1,27273,
6.64085e+07,,Surface,38,Image 1,1,27274,
8.06636e+07,,Surface,38,Image 1,1,27275,
4.43527e+07,,Surface,38,Image 1,1,27276,
1.60214e+08,,Surface,38,Image 1,1,27277,
6.13448e+06,,Surface,38,Image 1,1,27278,
2.6912e+07,,Surface,38,Image 1,1,27280,
5.7801e+07,,Surface,38,Image 1,1,27281,
1.41781e+07,,Surface,38,Image 1,1,27282,
2.18229e+07,,Surface,38,Image 1,1,27283,
5.84106e+07,,Surface,38,Image 1,1,27284,
9.41219e+07,,Surface,38,Image 1,1,27285,
1.00121e+08,,Surface,38,Image 1,1,27286,
3.23828e+07,,Surface,38,Image 1,1,27287,
8.14147e+07,,Surface,38,Image 1,1,27289,
2.02504e+07,,Surface,38,Image 1,1,27290,
1.23479e+07,,Surface,38,Image 1,1,27291,
5.69069e+07,,Surface,38,Image 1,1,27292,
586238,,Surface,38,Image 1,1,27293,
3.24817e+07,,Surface,38,Image 1,1,27294,
2.71917e+07,,Surface,38,Image 1,1,27295,
7.89288e+07,,Surface,38,Image 1,1,27297,
1.42241e+07,,Surface,38,Image 1,1,27298,
5.67464e+07,,Surface,38,Image 1,1,27299,
2.2412e+07,,Surface,38,Image 1,1,27300,
4.07954e+07,,Surface,38,Image 1,1,27301,
4.14279e+07,,Surface,38,Image 1,1,27302,
5.43249e+07,,Surface,38,Image 1,1,27303,
1.59665e+07,,Surface,38,Image 1,1,27304,
7.84008e+07,,Surface,38,Image 1,1,27305,
7.84881e+06,,Surface,38,Image 1,1,27306,
1.16072e+07,,Surface,38,Image 1,1,27307,
4.29576e+07,,Surface,38,Image 1,1,27308,
1.00066e+08,,Surface,38,Image 1,1,27309,
6.6497e+06,,Surface,38,Image 1,1,27311,
1.84982e+07,,Surface,38,Image 1,1,27312,
6.02338e+07,,Surface,38,Image 1,1,27313,
1.75979e+07,,Surface,38,Image 1,1,27314,
461875,,Surface,38,Image 1,1,27315,
6.08233e+07,,Surface,38,Image 1,1,27317,
6.3187e+07,,Surface,38,Image 1,1,27318,
3.68042e+07,,Surface,38,Image 1,1,27319,
1.60021e+07,,Surface,38,Image 1,1,27320,
4.5889e+07,,Surface,38,Image 1,1,27321,
1.17461e+07,,Surface,38,Image 1,1,27322,
3.85768e+07,,Surface,38,Image 1,1,27323,
1.86002e+07,,Surface,38,Image 1,1,27324,
5.93441e+07,,Surface,38,Image 1,1,27325,
2.64255e+07,,Surface,38,Image 1,1,27326,
5.02517e+07,,Surface,38,Image 1,1,27327,
7.49454e+06,,Surface,38,Image 1,1,27329,
1.11896e+07,,Surface,38,Image 1,1,27330,
1.20123e+07,,Surface,38,Image 1,1,27331,
4.97939e+07,,Surface,38,Image 1,1,27332,
1.92571e+08,,Surface,38,Image 1,1,27333,
2.83005e+08,,Surface,38,Image 1,1,27334,
3.92286e+07,,Surface,38,Image 1,1,27335,
5.39592e+07,,Surface,38,Image 1,1,27336,
3.081e+07,,Surface,38,Image 1,1,27337,
1.29753e+08,,Surface,38,Image 1,1,27338,
3.56419e+07,,Surface,38,Image 1,1,27339,
1.34545e+07,,Surface,38,Image 1,1,27340,
1.79654e+07,,Surface,38,Image 1,1,27341,
3.43952e+07,,Surface,38,Image 1,1,27343,
3.54632e+07,,Surface,38,Image 1,1,27344,
3.43567e+07,,Surface,38,Image 1,1,27345,
5.55331e+07,,Surface,38,Image 1,1,27347,
5.35805e+07,,Surface,38,Image 1,1,27348,
1.5058e+07,,Surface,38,Image 1,1,27349,
6.38965e+07,,Surface,38,Image 1,1,27351,
1.74479e+08,,Surface,38,Image 1,1,27353,
2.31555e+07,,Surface,38,Image 1,1,27354,
6.66509e+07,,Surface,38,Image 1,1,27355,
1.0286e+08,,Surface,38,Image 1,1,27356,
3.58647e+07,,Surface,38,Image 1,1,27357,
4.53531e+07,,Surface,38,Image 1,1,27358,
2.45007e+07,,Surface,38,Image 1,1,27359,
5.13364e+07,,Surface,38,Image 1,1,27360,
1.49752e+07,,Surface,38,Image 1,1,27361,
6.38886e+07,,Surface,38,Image 1,1,27363,
7.48162e+07,,Surface,38,Image 1,1,27364,
5.51482e+07,,Surface,38,Image 1,1,27365,
4.28398e+07,,Surface,38,Image 1,1,27366,
2.47259e+07,,Surface,38,Image 1,1,27367,
3.50477e+07,,Surface,38,Image 1,1,27368,
3.71064e+07,,Surface,38,Image 1,1,27369,
1.92207e+07,,Surface,38,Image 1,1,27370,
4.10945e+07,,Surface,38,Image 1,1,27371,
1.04223e+08,,Surface,38,Image 1,1,27372,
5.79523e+07,,Surface,38,Image 1,1,27373,
1.2725e+08,,Surface,38,Image 1,1,27374,
1.63795e+07,,Surface,38,Image 1,1,27375,
4.51079e+07,,Surface,38,Image 1,1,27376,
5.24698e+07,,Surface,38,Image 1,1,27377,
6.53087e+06,,Surface,38,Image 1,1,27378,
1.01706e+08,,Surface,38,Image 1,1,27379,
3.59252e+07,,Surface,38,Image 1,1,27380,
1.70804e+07,,Surface,38,Image 1,1,27381,
3.39184e+07,,Surface,38,Image 1,1,27382,
5.16939e+07,,Surface,38,Image 1,1,27383,
5.8824e+07,,Surface,38,Image 1,1,27384,
8.39877e+06,,Surface,38,Image 1,1,27385,
3.23204e+07,,Surface,38,Image 1,1,27386,
2.74677e+07,,Surface,38,Image 1,1,27387,
2.71753e+07,,Surface,38,Image 1,1,27388,
9.02449e+07,,Surface,38,Image 1,1,27389,
1.47204e+07,,Surface,38,Image 1,1,27390,
5.99492e+07,,Surface,38,Image 1,1,27391,
4.13688e+07,,Surface,38,Image 1,1,27392,
6.71448e+07,,Surface,38,Image 1,1,27393,
1.896e+07,,Surface,38,Image 1,1,27394,
3.76865e+07,,Surface,38,Image 1,1,27395,
3.76512e+07,,Surface,38,Image 1,1,27396,
2.18788e+07,,Surface,38,Image 1,1,27397,
4.35549e+07,,Surface,38,Image 1,1,27399,
2.41857e+07,,Surface,38,Image 1,1,27400,
9.65475e+07,,Surface,38,Image 1,1,27401,
5.59919e+07,,Surface,38,Image 1,1,27402,
3.05189e+07,,Surface,38,Image 1,1,27403,
4.9849e+07,,Surface,38,Image 1,1,27404,
2.32521e+07,,Surface,38,Image 1,1,27406,
2.17541e+07,,Surface,38,Image 1,1,27407,
2.82448e+07,,Surface,38,Image 1,1,27408,
607010,,Surface,38,Image 1,1,27409,
5.4543e+07,,Surface,38,Image 1,1,27410,
7.12946e+07,,Surface,38,Image 1,1,27411,
6.35503e+07,,Surface,38,Image 1,1,27412,
3.98046e+07,,Surface,38,Image 1,1,27413,
6.34242e+07,,Surface,38,Image 1,1,27414,
2.07215e+07,,Surface,38,Image 1,1,27415,
1.15644e+07,,Surface,38,Image 1,1,27416,
3.19229e+07,,Surface,38,Image 1,1,27417,
6.40664e+06,,Surface,38,Image 1,1,27418,
2.37907e+07,,Surface,38,Image 1,1,27419,
4.24593e+07,,Surface,38,Image 1,1,27420,
2.46858e+07,,Surface,38,Image 1,1,27421,
6.62742e+07,,Surface,38,Image 1,1,27422,
3.26406e+07,,Surface,38,Image 1,1,27424,
5.79108e+07,,Surface,38,Image 1,1,27425,
4.91996e+07,,Surface,38,Image 1,1,27426,
8.84392e+07,,Surface,38,Image 1,1,27427,
1.93165e+07,,Surface,38,Image 1,1,27428,
7.99487e+07,,Surface,38,Image 1,1,27429,
7.7804e+07,,Surface,38,Image 1,1,27430,
6.3872e+07,,Surface,38,Image 1,1,27431,
4.96086e+07,,Surface,38,Image 1,1,27432,
1.67464e+07,,Surface,38,Image 1,1,27433,
8.5826e+06,,Surface,38,Image 1,1,27434,
1.49344e+08,,Surface,38,Image 1,1,27435,
5.52188e+07,,Surface,38,Image 1,1,27437,
1.48604e+07,,Surface,38,Image 1,1,27438,
8.40041e+07,,Surface,38,Image 1,1,27439,
9.28394e+07,,Surface,38,Image 1,1,27440,
4.49582e+07,,Surface,38,Image 1,1,27441,
5.78284e+07,,Surface,38,Image 1,1,27442,
566918,,Surface,38,Image 1,1,27443,
1.24622e+07,,Surface,38,Image 1,1,27444,
7.80582e+06,,Surface,38,Image 1,1,27445,
5.38255e+06,,Surface,38,Image 1,1,27446,
3.48666e+06,,Surface,38,Image 1,1,27447,
1.16565e+07,,Surface,38,Image 1,1,27448,
3.3972e+07,,Surface,38,Image 1,1,27449,
7.70854e+07,,Surface,38,Image 1,1,27450,
3.18868e+07,,Surface,38,Image 1,1,27451,
9.29871e+07,,Surface,38,Image 1,1,27453,
4.27828e+07,,Surface,38,Image 1,1,27454,
2.61987e+07,,Surface,38,Image 1,1,27455,
4.15637e+07,,Surface,38,Image 1,1,27456,
4.86061e+07,,Surface,38,Image 1,1,27457,
5.35909e+07,,Surface,38,Image 1,1,27458,
6.70131e+07,,Surface,38,Image 1,1,27459,
6.2692e+07,,Surface,38,Image 1,1,27460,
4.76285e+07,,Surface,38,Image 1,1,27461,
3.74327e+06,,Surface,38,Image 1,1,27462,
1.27703e+07,,Surface,38,Image 1,1,27463,
3.70891e+07,,Surface,38,Image 1,1,27464,
9.37091e+07,,Surface,38,Image 1,1,27465,
9.29331e+07,,Surface,38,Image 1,1,27466,
4.93254e+06,,Surface,38,Image 1,1,27467,
1.99799e+07,,Surface,38,Image 1,1,27468,
1.56385e+07,,Surface,38,Image 1,1,27469,
3.96172e+07,,Surface,38,Image 1,1,27470,
6.15288e+07,,Surface,38,Image 1,1,27471,
4.27902e+07,,Surface,38,Image 1,1,27472,
7.11983e+06,,Surface,38,Image 1,1,27473,
5.11118e+07,,Surface,38,Image 1,1,27474,
1.29478e+07,,Surface,38,Image 1,1,27475,
3.52985e+07,,Surface,38,Image 1,1,27476,
5.78176e+07,,Surface,38,Image 1,1,27477,
2.1597e+07,,Surface,38,Image 1,1,27478,
3.16232e+07,,Surface,38,Image 1,1,27479,
2.07879e+07,,Surface,38,Image 1,1,27480,
1.46664e+07,,Surface,38,Image 1,1,27481,
9.76334e+07,,Surface,38,Image 1,1,27482,
3.26428e+07,,Surface,38,Image 1,1,27483,
4.79422e+07,,Surface,38,Image 1,1,27484,
9.91398e+07,,Surface,38,Image 1,1,27485,
2.56565e+07,,Surface,38,Image 1,1,27486,
3.98079e+07,,Surface,38,Image 1,1,27487,
9.26609e+07,,Surface,38,Image 1,1,27488,
1.49453e+07,,Surface,38,Image 1,1,27489,
3.45443e+07,,Surface,38,Image 1,1,27490,
6.73185e+07,,Surface,38,Image 1,1,27491,
4.6481e+07,,Surface,38,Image 1,1,27492,
5.37929e+07,,Surface,38,Image 1,1,27493,
3.7011e+07,,Surface,38,Image 1,1,27494,
2.57768e+07,,Surface,38,Image 1,1,27495,
2.98966e+07,,Surface,38,Image 1,1,27496,
9.85727e+07,,Surface,38,Image 1,1,27497,
5.76916e+07,,Surface,38,Image 1,1,27499,
4.74818e+06,,Surface,38,Image 1,1,27500,
1.57092e+07,,Surface,38,Image 1,1,27501,
43402,,Surface,38,Image 1,1,27502,
2.08121e+07,,Surface,38,Image 1,1,27503,
3.82662e+06,,Surface,38,Image 1,1,27504,
2.5204e+07,,Surface,38,Image 1,1,27505,
2.76931e+07,,Surface,38,Image 1,1,27506,
7.15982e+07,,Surface,38,Image 1,1,27508,
1.36298e+08,,Surface,38,Image 1,1,27509,
4.87504e+07,,Surface,38,Image 1,1,27510,
3.14956e+07,,Surface,38,Image 1,1,27512,
6.55265e+07,,Surface,38,Image 1,1,27513,
3.50376e+07,,Surface,38,Image 1,1,27514,
4.65761e+07,,Surface,38,Image 1,1,27515,
8.16651e+07,,Surface,38,Image 1,1,27516,
3.76041e+07,,Surface,38,Image 1,1,27517,
1.9428e+07,,Surface,38,Image 1,1,27518,
4.50048e+07,,Surface,38,Image 1,1,27520,
8.57125e+07,,Surface,38,Image 1,1,27521,
2.72465e+07,,Surface,38,Image 1,1,27522,
3.01267e+07,,Surface,38,Image 1,1,27523,
1.18206e+08,,Surface,38,Image 1,1,27524,
7.51404e+07,,Surface,38,Image 1,1,27525,
1.42546e+08,,Surface,38,Image 1,1,27526,
1.24318e+07,,Surface,38,Image 1,1,27527,
1.65747e+07,,Surface,38,Image 1,1,27528,
5.46226e+07,,Surface,38,Image 1,1,27529,
6.77092e+07,,Surface,38,Image 1,1,27530,
4.95484e+06,,Surface,38,Image 1,1,27531,
4.54834e+07,,Surface,38,Image 1,1,27532,
5.91443e+07,,Surface,38,Image 1,1,27533,
1.16418e+07,,Surface,38,Image 1,1,27535,
3.34242e+07,,Surface,38,Image 1,1,27536,
1.00153e+08,,Surface,38,Image 1,1,27538,
7.1072e+07,,Surface,38,Image 1,1,27540,
8.0222e+07,,Surface,38,Image 1,1,27541,
6.38478e+07,,Surface,38,Image 1,1,27542,
4.77948e+07,,Surface,38,Image 1,1,27543,
1.89384e+07,,Surface,38,Image 1,1,27544,
1.23017e+08,,Surface,38,Image 1,1,27545,
1.53539e+07,,Surface,38,Image 1,1,27546,
1.79639e+07,,Surface,38,Image 1,1,27547,
4.50399e+07,,Surface,38,Image 1,1,27548,
2.92764e+07,,Surface,38,Image 1,1,27549,
4.6289e+07,,Surface,38,Image 1,1,27550,
3.66936e+07,,Surface,38,Image 1,1,27551,
1.93293e+07,,Surface,38,Image 1,1,27552,
5.32941e+07,,Surface,38,Image 1,1,27553,
9.59166e+07,,Surface,38,Image 1,1,27554,
4.77254e+07,,Surface,38,Image 1,1,27555,
9.04567e+07,,Surface,38,Image 1,1,27556,
7.93254e+07,,Surface,38,Image 1,1,27557,
1.34319e+07,,Surface,38,Image 1,1,27558,
6.42505e+07,,Surface,38,Image 1,1,27559,
5.18595e+07,,Surface,38,Image 1,1,27560,
1.3634e+07,,Surface,38,Image 1,1,27562,
1.25133e+08,,Surface,38,Image 1,1,27563,
9.17092e+07,,Surface,38,Image 1,1,27564,
1.51923e+08,,Surface,38,Image 1,1,27565,
1.23745e+07,,Surface,38,Image 1,1,27566,
4.20093e+07,,Surface,38,Image 1,1,27567,
1.56476e+07,,Surface,38,Image 1,1,27568,
3.37274e+07,,Surface,38,Image 1,1,27569,
1.27368e+08,,Surface,38,Image 1,1,27570,
3.9633e+07,,Surface,38,Image 1,1,27571,
4.893e+07,,Surface,38,Image 1,1,27572,
1.91956e+07,,Surface,38,Image 1,1,27574,
5.34862e+07,,Surface,38,Image 1,1,27575,
3.60537e+07,,Surface,38,Image 1,1,27576,
2.29651e+07,,Surface,38,Image 1,1,27577,
3.73602e+07,,Surface,38,Image 1,1,27578,
3.68796e+07,,Surface,38,Image 1,1,27579,
1.03728e+08,,Surface,38,Image 1,1,27580,
6.43677e+06,,Surface,38,Image 1,1,27583,
8.68116e+06,,Surface,38,Image 1,1,27584,
3.82676e+07,,Surface,38,Image 1,1,27585,
3.46388e+07,,Surface,38,Image 1,1,27586,
1.2687e+07,,Surface,38,Image 1,1,27587,
3.5037e+07,,Surface,38,Image 1,1,27588,
6.26703e+07,,Surface,38,Image 1,1,27589,
3.50429e+07,,Surface,38,Image 1,1,27590,
8.49784e+07,,Surface,38,Image 1,1,27591,
1.14099e+07,,Surface,38,Image 1,1,27593,
1.25339e+08,,Surface,38,Image 1,1,27594,
2.43011e+07,,Surface,38,Image 1,1,27595,
1.28107e+07,,Surface,38,Image 1,1,27597,
4.92713e+07,,Surface,38,Image 1,1,27598,
2.60802e+07,,Surface,38,Image 1,1,27599,
1.94079e+07,,Surface,38,Image 1,1,27600,
7.61104e+07,,Surface,38,Image 1,1,27601,
5.53546e+07,,Surface,38,Image 1,1,27602,
7.49461e+06,,Surface,38,Image 1,1,27603,
5.2462e+07,,Surface,38,Image 1,1,27604,
3.23187e+07,,Surface,38,Image 1,1,27605,
1.05086e+07,,Surface,38,Image 1,1,27606,
6.48705e+07,,Surface,38,Image 1,1,27607,
2.4495e+07,,Surface,38,Image 1,1,27608,
1.13112e+08,,Surface,38,Image 1,1,27609,
3.29341e+07,,Surface,38,Image 1,1,27611,
9.122e+07,,Surface,38,Image 1,1,27612,
6.81434e+07,,Surface,38,Image 1,1,27613,
2.11741e+07,,Surface,38,Image 1,1,27614,
2.70151e+07,,Surface,38,Image 1,1,27615,
2.23651e+07,,Surface,38,Image 1,1,27616,
3.97171e+07,,Surface,38,Image 1,1,27617,
6.47605e+07,,Surface,38,Image 1,1,27618,
9.08405e+07,,Surface,38,Image 1,1,27619,
4.65311e+07,,Surface,38,Image 1,1,27620,
1.6542e+08,,Surface,38,Image 1,1,27621,
1.03996e+08,,Surface,38,Image 1,1,27622,
2.47296e+07,,Surface,38,Image 1,1,27623,
7.15632e+07,,Surface,38,Image 1,1,27624,
4.34247e+07,,Surface,38,Image 1,1,27625,
4.85501e+07,,Surface,38,Image 1,1,27626,
2.58708e+07,,Surface,38,Image 1,1,27627,
6.0462e+07,,Surface,38,Image 1,1,27628,
2.43624e+07,,Surface,38,Image 1,1,27629,
4.62785e+07,,Surface,38,Image 1,1,27630,
4.26539e+06,,Surface,38,Image 1,1,27631,
9.87146e+07,,Surface,38,Image 1,1,27632,
2.6885e+07,,Surface,38,Image 1,1,27633,
3.72947e+07,,Surface,38,Image 1,1,27634,
6.47827e+07,,Surface,38,Image 1,1,27635,
4.51666e+07,,Surface,38,Image 1,1,27636,
8.23766e+07,,Surface,38,Image 1,1,27637,
3.773e+07,,Surface,38,Image 1,1,27638,
3.85797e+06,,Surface,38,Image 1,1,27639,
2.9136e+07,,Surface,38,Image 1,1,27640,
8.20328e+07,,Surface,38,Image 1,1,27641,
2.55989e+06,,Surface,38,Image 1,1,27642,
3.40937e+07,,Surface,38,Image 1,1,27644,
3.61279e+07,,Surface,38,Image 1,1,27645,
5.04968e+07,,Surface,38,Image 1,1,27646,
1.26867e+07,,Surface,38,Image 1,1,27647,
4.77495e+07,,Surface,38,Image 1,1,27649,
3.39375e+07,,Surface,38,Image 1,1,27650,
2.26338e+07,,Surface,38,Image 1,1,27651,
1.36151e+07,,Surface,38,Image 1,1,27652,
1.1775e+07,,Surface,38,Image 1,1,27653,
5.54361e+07,,Surface,38,Image 1,1,27654,
2.91132e+07,,Surface,38,Image 1,1,27655,
3.37692e+07,,Surface,38,Image 1,1,27656,
3.67859e+07,,Surface,38,Image 1,1,27657,
1.80933e+07,,Surface,38,Image 1,1,27658,
6.90134e+07,,Surface,38,Image 1,1,27659,
4.67892e+07,,Surface,38,Image 1,1,27660,
7.49862e+07,,Surface,38,Image 1,1,27661,
1.0775e+08,,Surface,38,Image 1,1,27663,
1.17462e+08,,Surface,38,Image 1,1,27664,
1.69852e+07,,Surface,38,Image 1,1,27665,
3.92925e+07,,Surface,38,Image 1,1,27666,
6.38867e+07,,Surface,38,Image 1,1,27667,
4.57418e+07,,Surface,38,Image 1,1,27668,
1.01074e+08,,Surface,38,Image 1,1,27669,
5.12835e+07,,Surface,38,Image 1,1,27670,
3.18441e+06,,Surface,38,Image 1,1,27671,
5.77823e+07,,Surface,38,Image 1,1,27673,
4.48682e+07,,Surface,38,Image 1,1,27675,
2.19788e+07,,Surface,38,Image 1,1,27676,
4.03669e+07,,Surface,38,Image 1,1,27677,
5.17327e+07,,Surface,38,Image 1,1,27678,
3.94393e+07,,Surface,38,Image 1,1,27679,
5.90362e+07,,Surface,38,Image 1,1,27680,
2.85401e+07,,Surface,38,Image 1,1,27681,
4.56307e+07,,Surface,38,Image 1,1,27682,
1.23254e+07,,Surface,38,Image 1,1,27683,
2.17719e+07,,Surface,38,Image 1,1,27684,
3.77795e+07,,Surface,38,Image 1,1,27685,
7.82769e+06,,Surface,38,Image 1,1,27686,
9.37248e+06,,Surface,38,Image 1,1,27687,
1.3692e+07,,Surface,38,Image 1,1,27688,
1.19038e+07,,Surface,38,Image 1,1,27689,
1.05638e+07,,Surface,38,Image 1,1,27690,
3.08948e+07,,Surface,38,Image 1,1,27691,
1.21555e+08,,Surface,38,Image 1,1,27692,
1.10532e+08,,Surface,38,Image 1,1,27693,
7.37484e+07,,Surface,38,Image 1,1,27694,
2.39996e+07,,Surface,38,Image 1,1,27695,
3.93129e+07,,Surface,38,Image 1,1,27697,
1.28889e+07,,Surface,38,Image 1,1,27699,
9.44683e+07,,Surface,38,Image 1,1,27700,
7.66922e+07,,Surface,38,Image 1,1,27701,
4.00276e+06,,Surface,38,Image 1,1,27702,
7.39105e+07,,Surface,38,Image 1,1,27703,
3.77083e+07,,Surface,38,Image 1,1,27704,
3.60366e+07,,Surface,38,Image 1,1,27705,
4.4366e+07,,Surface,38,Image 1,1,27706,
6.06191e+06,,Surface,38,Image 1,1,27707,
1.04555e+08,,Surface,38,Image 1,1,27708,
1.58944e+07,,Surface,38,Image 1,1,27709,
6.9568e+06,,Surface,38,Image 1,1,27710,
4.77304e+07,,Surface,38,Image 1,1,27712,
3.97525e+07,,Surface,38,Image 1,1,27713,
6.2882e+07,,Surface,38,Image 1,1,27715,
5.21361e+07,,Surface,38,Image 1,1,27716,
4.69212e+07,,Surface,38,Image 1,1,27717,
3.57897e+07,,Surface,38,Image 1,1,27718,
1.02145e+08,,Surface,38,Image 1,1,27719,
2.67309e+07,,Surface,38,Image 1,1,27720,
2.09344e+07,,Surface,38,Image 1,1,27721,
2.38852e+07,,Surface,38,Image 1,1,27722,
1.84745e+07,,Surface,38,Image 1,1,27723,
4.49501e+07,,Surface,38,Image 1,1,27724,
5.36686e+07,,Surface,38,Image 1,1,27725,
7.38861e+07,,Surface,38,Image 1,1,27726,
3.04574e+07,,Surface,38,Image 1,1,27727,
5.22982e+07,,Surface,38,Image 1,1,27728,
8.85933e+06,,Surface,38,Image 1,1,27729,
2.51421e+07,,Surface,38,Image 1,1,27730,
8.28724e+07,,Surface,38,Image 1,1,27731,
9.11656e+07,,Surface,38,Image 1,1,27732,
7.56105e+07,,Surface,38,Image 1,1,27733,
3.66766e+07,,Surface,38,Image 1,1,27734,
8.26283e+07,,Surface,38,Image 1,1,27735,
2.24451e+07,,Surface,38,Image 1,1,27736,
2.9892e+07,,Surface,38,Image 1,1,27737,
4.65573e+07,,Surface,38,Image 1,1,27738,
9.97949e+07,,Surface,38,Image 1,1,27739,
2.06662e+07,,Surface,38,Image 1,1,27740,
1.62225e+07,,Surface,38,Image 1,1,27741,
3.35273e+07,,Surface,38,Image 1,1,27742,
1.13468e+07,,Surface,38,Image 1,1,27743,
2.41199e+07,,Surface,38,Image 1,1,27744,
2.35378e+07,,Surface,38,Image 1,1,27745,
4.17354e+07,,Surface,38,Image 1,1,27747,
2.93427e+06,,Surface,38,Image 1,1,27748,
2.05142e+07,,Surface,38,Image 1,1,27749,
1.35237e+07,,Surface,38,Image 1,1,27750,
3.67233e+07,,Surface,38,Image 1,1,27751,
3.00413e+07,,Surface,38,Image 1,1,27752,
3.02035e+07,,Surface,38,Image 1,1,27753,
6.10134e+07,,Surface,38,Image 1,1,27754,
2.73259e+07,,Surface,38,Image 1,1,27755,
1.16414e+07,,Surface,38,Image 1,1,27756,
6.38672e+07,,Surface,38,Image 1,1,27757,
4.48792e+07,,Surface,38,Image 1,1,27758,
5.1201e+07,,Surface,38,Image 1,1,27759,
1.56144e+08,,Surface,38,Image 1,1,27760,
5.33071e+07,,Surface,38,Image 1,1,27761,
1.02475e+08,,Surface,38,Image 1,1,27762,
4.77395e+07,,Surface,38,Image 1,1,27763,
6.77528e+07,,Surface,38,Image 1,1,27765,
5.57634e+07,,Surface,38,Image 1,1,27766,
7.96935e+06,,Surface,38,Image 1,1,27767,
1.44e+07,,Surface,38,Image 1,1,27768,
1.60202e+07,,Surface,38,Image 1,1,27769,
4.90771e+07,,Surface,38,Image 1,1,27770,
1.52003e+07,,Surface,38,Image 1,1,27771,
1.36581e+08,,Surface,38,Image 1,1,27772,
6.66363e+07,,Surface,38,Image 1,1,27773,
2.83265e+07,,Surface,38,Image 1,1,27774,
5.65652e+07,,Surface,38,Image 1,1,27775,
2.10852e+07,,Surface,38,Image 1,1,27776,
3.59048e+07,,Surface,38,Image 1,1,27777,
4.69445e+07,,Surface,38,Image 1,1,27778,
1.57247e+07,,Surface,38,Image 1,1,27779,
2.4175e+07,,Surface,38,Image 1,1,27780,
4.09733e+07,,Surface,38,Image 1,1,27781,
7.71945e+07,,Surface,38,Image 1,1,27782,
2.88689e+07,,Surface,38,Image 1,1,27783,
3.59569e+07,,Surface,38,Image 1,1,27784,
1.61718e+07,,Surface,38,Image 1,1,27785,
7.21344e+07,,Surface,38,Image 1,1,27786,
7.0398e+07,,Surface,38,Image 1,1,27787,
2.76417e+07,,Surface,38,Image 1,1,27788,
4.63967e+07,,Surface,38,Image 1,1,27789,
3.47783e+07,,Surface,38,Image 1,1,27791,
9.33412e+07,,Surface,38,Image 1,1,27792,
3.28871e+07,,Surface,38,Image 1,1,27793,
1.52727e+07,,Surface,38,Image 1,1,27794,
9.10642e+07,,Surface,38,Image 1,1,27795,
1.24063e+08,,Surface,38,Image 1,1,27796,
3.1403e+07,,Surface,38,Image 1,1,27797,
6.8218e+07,,Surface,38,Image 1,1,27798,
3.43688e+07,,Surface,38,Image 1,1,27799,
1.45953e+08,,Surface,38,Image 1,1,27800,
2.32064e+07,,Surface,38,Image 1,1,27801,
6.31665e+07,,Surface,38,Image 1,1,27802,
2.74829e+07,,Surface,38,Image 1,1,27803,
3.86154e+06,,Surface,38,Image 1,1,27804,
5.38367e+07,,Surface,38,Image 1,1,27805,
8.6284e+06,,Surface,38,Image 1,1,27806,
1.35533e+07,,Surface,38,Image 1,1,27807,
2.81552e+07,,Surface,38,Image 1,1,27808,
4.03786e+07,,Surface,38,Image 1,1,27809,
1.49143e+07,,Surface,38,Image 1,1,27810,
3.30086e+07,,Surface,38,Image 1,1,27811,
4.32761e+07,,Surface,38,Image 1,1,27812,
2.31283e+07,,Surface,38,Image 1,1,27813,
8.96019e+07,,Surface,38,Image 1,1,27814,
1.44695e+07,,Surface,38,Image 1,1,27815,
6.56724e+07,,Surface,38,Image 1,1,27816,
3.19815e+07,,Surface,38,Image 1,1,27817,
1.93686e+07,,Surface,38,Image 1,1,27818,
3.60161e+07,,Surface,38,Image 1,1,27819,
4.54384e+06,,Surface,38,Image 1,1,27820,
2.41265e+07,,Surface,38,Image 1,1,27822,
7.89398e+06,,Surface,38,Image 1,1,27823,
3.19565e+07,,Surface,38,Image 1,1,27824,
2.1659e+07,,Surface,38,Image 1,1,27825,
6.04128e+07,,Surface,38,Image 1,1,27827,
2.89198e+07,,Surface,38,Image 1,1,27829,
2.65485e+07,,Surface,38,Image 1,1,27830,
7.46712e+07,,Surface,38,Image 1,1,27831,
1.21217e+08,,Surface,38,Image 1,1,27832,
1.7808e+07,,Surface,38,Image 1,1,27833,
6.25643e+07,,Surface,38,Image 1,1,27834,
1.85226e+08,,Surface,38,Image 1,1,27835,
4.43984e+07,,Surface,38,Image 1,1,27836,
7.23254e+07,,Surface,38,Image 1,1,27837,
4.64216e+07,,Surface,38,Image 1,1,27838,
2.16149e+07,,Surface,38,Image 1,1,27839,
1.4092e+07,,Surface,38,Image 1,1,27840,
3.60124e+07,,Surface,38,Image 1,1,27841,
4.15577e+07,,Surface,38,Image 1,1,27843,
2.38962e+07,,Surface,38,Image 1,1,27844,
5.68686e+07,,Surface,38,Image 1,1,27846,
3.73895e+07,,Surface,38,Image 1,1,27847,
5.49399e+07,,Surface,38,Image 1,1,27848,
3.05926e+07,,Surface,38,Image 1,1,27849,
4.22783e+07,,Surface,38,Image 1,1,27850,
3.13817e+07,,Surface,38,Image 1,1,27851,
4.66944e+07,,Surface,38,Image 1,1,27852,
3.09914e+07,,Surface,38,Image 1,1,27853,
2.45253e+07,,Surface,38,Image 1,1,27854,
5.08639e+07,,Surface,38,Image 1,1,27855,
1.20577e+07,,Surface,38,Image 1,1,27856,
5.50962e+07,,Surface,38,Image 1,1,27857,
7.4588e+06,,Surface,38,Image 1,1,27858,
1.3826e+08,,Surface,38,Image 1,1,27859,
3.43144e+07,,Surface,38,Image 1,1,27860,
6.46026e+07,,Surface,38,Image 1,1,27861,
2.25481e+07,,Surface,38,Image 1,1,27862,
2.12497e+07,,Surface,38,Image 1,1,27863,
4.43145e+07,,Surface,38,Image 1,1,27864,
7.7366e+07,,Surface,38,Image 1,1,27865,
1.25599e+07,,Surface,38,Image 1,1,27866,
1.47372e+07,,Surface,38,Image 1,1,27867,
2.67354e+07,,Surface,38,Image 1,1,27868,
5.80087e+06,,Surface,38,Image 1,1,27869,
5.78846e+07,,Surface,38,Image 1,1,27870,
1.61763e+07,,Surface,38,Image 1,1,27871,
1.81771e+07,,Surface,38,Image 1,1,27872,
5.78874e+07,,Surface,38,Image 1,1,27873,
3.10675e+07,,Surface,38,Image 1,1,27874,
1.4978e+08,,Surface,38,Image 1,1,27875,
3.75845e+07,,Surface,38,Image 1,1,27876,
3.25438e+07,,Surface,38,Image 1,1,27877,
3.02046e+07,,Surface,38,Image 1,1,27878,
3.01086e+07,,Surface,38,Image 1,1,27879,
3.08168e+07,,Surface,38,Image 1,1,27880,
1.4891e+07,,Surface,38,Image 1,1,27881,
2.1647e+08,,Surface,38,Image 1,1,27882,
2.31372e+07,,Surface,38,Image 1,1,27883,
6.33969e+07,,Surface,38,Image 1,1,27884,
3.24075e+07,,Surface,38,Image 1,1,27885,
6.49475e+07,,Surface,38,Image 1,1,27886,
1.88552e+07,,Surface,38,Image 1,1,27887,
5.00973e+07,,Surface,38,Image 1,1,27888,
6.28452e+07,,Surface,38,Image 1,1,27890,
2.54291e+07,,Surface,38,Image 1,1,27891,
1.1113e+07,,Surface,38,Image 1,1,27892,
2.55186e+07,,Surface,38,Image 1,1,27893,
3.08714e+06,,Surface,38,Image 1,1,27894,
1.98802e+07,,Surface,38,Image 1,1,27895,
2.26546e+07,,Surface,38,Image 1,1,27896,
7.97954e+07,,Surface,38,Image 1,1,27897,
4.7245e+07,,Surface,38,Image 1,1,27899,
1.26333e+07,,Surface,38,Image 1,1,27900,
1.31212e+08,,Surface,38,Image 1,1,27901,
1.92918e+08,,Surface,38,Image 1,1,27903,
2.6017e+07,,Surface,38,Image 1,1,27904,
6.75807e+07,,Surface,38,Image 1,1,27905,
1.90608e+07,,Surface,38,Image 1,1,27907,
3.74665e+07,,Surface,38,Image 1,1,27908,
2.1e+07,,Surface,38,Image 1,1,27909,
2.53255e+07,,Surface,38,Image 1,1,27910,
2.66578e+07,,Surface,38,Image 1,1,27912,
6.32324e+07,,Surface,38,Image 1,1,27913,
5.78627e+07,,Surface,38,Image 1,1,27914,
2.21666e+07,,Surface,38,Image 1,1,27915,
2.79377e+07,,Surface,38,Image 1,1,27916,
1.06647e+08,,Surface,38,Image 1,1,27917,
7.58725e+06,,Surface,38,Image 1,1,27918,
3.69755e+07,,Surface,38,Image 1,1,27919,
1.35902e+08,,Surface,38,Image 1,1,27920,
8.99639e+07,,Surface,38,Image 1,1,27921,
8.87632e+07,,Surface,38,Image 1,1,27923,
2.16768e+07,,Surface,38,Image 1,1,27924,
3.76478e+07,,Surface,38,Image 1,1,27925,
1.13559e+07,,Surface,38,Image 1,1,27926,
1.47155e+08,,Surface,38,Image 1,1,27927,
4.08911e+07,,Surface,38,Image 1,1,27929,
2.65446e+07,,Surface,38,Image 1,1,27930,
1.03296e+08,,Surface,38,Image 1,1,27931,
1.0333e+08,,Surface,38,Image 1,1,27932,
1.84908e+07,,Surface,38,Image 1,1,27934,
8.17841e+07,,Surface,38,Image 1,1,27935,
4.36919e+07,,Surface,38,Image 1,1,27936,
5.84146e+07,,Surface,38,Image 1,1,27937,
1.3849e+07,,Surface,38,Image 1,1,27938,
2.7974e+07,,Surface,38,Image 1,1,27939,
1.11748e+08,,Surface,38,Image 1,1,27940,
7.84005e+07,,Surface,38,Image 1,1,27941,
3.11464e+07,,Surface,38,Image 1,1,27942,
4.80998e+07,,Surface,38,Image 1,1,27943,
1.10472e+08,,Surface,38,Image 1,1,27944,
1.85429e+07,,Surface,38,Image 1,1,27945,
5.8094e+06,,Surface,38,Image 1,1,27947,
3.94051e+07,,Surface,38,Image 1,1,27948,
2.71969e+06,,Surface,38,Image 1,1,27950,
1.83032e+08,,Surface,38,Image 1,1,27951,
4.41349e+07,,Surface,38,Image 1,1,27952,
4.8362e+07,,Surface,38,Image 1,1,27953,
4.19807e+07,,Surface,38,Image 1,1,27954,
8.17406e+07,,Surface,38,Image 1,1,27956,
2.45711e+07,,Surface,38,Image 1,1,27957,
1.19282e+07,,Surface,38,Image 1,1,27958,
2.88188e+06,,Surface,38,Image 1,1,27959,
2.28148e+07,,Surface,38,Image 1,1,27960,
9.18463e+07,,Surface,38,Image 1,1,27961,
8.03041e+07,,Surface,38,Image 1,1,27962,
1.38714e+08,,Surface,38,Image 1,1,27963,
1.25472e+07,,Surface,38,Image 1,1,27964,
1.46912e+08,,Surface,38,Image 1,1,27965,
4.67979e+07,,Surface,38,Image 1,1,27966,
2.82182e+07,,Surface,38,Image 1,1,27967,
2.91662e+07,,Surface,38,Image 1,1,27968,
3.72044e+07,,Surface,38,Image 1,1,27969,
2.90248e+07,,Surface,38,Image 1,1,27970,
1.66593e+07,,Surface,38,Image 1,1,27971,
1.53432e+08,,Surface,38,Image 1,1,27972,
6.12512e+07,,Surface,38,Image 1,1,27973,
5.15684e+07,,Surface,38,Image 1,1,27974,
1.05213e+08,,Surface,38,Image 1,1,27975,
3.77328e+07,,Surface,38,Image 1,1,27977,
1.30081e+07,,Surface,38,Image 1,1,27978,
3.72684e+07,,Surface,38,Image 1,1,27979,
5.57043e+07,,Surface,38,Image 1,1,27982,
1.59512e+07,,Surface,38,Image 1,1,27983,
5.72039e+07,,Surface,38,Image 1,1,27984,
5.66002e+06,,Surface,38,Image 1,1,27985,
2.04481e+07,,Surface,38,Image 1,1,27986,
6.94019e+07,,Surface,38,Image 1,1,27987,
1.60353e+08,,Surface,38,Image 1,1,27988,
4.36624e+07,,Surface,38,Image 1,1,27989,
1.30688e+07,,Surface,38,Image 1,1,27990,
5.21022e+07,,Surface,38,Image 1,1,27991,
1.29919e+08,,Surface,38,Image 1,1,27992,
1.2073e+07,,Surface,38,Image 1,1,27993,
7.45341e+07,,Surface,38,Image 1,1,27994,
6.55757e+07,,Surface,38,Image 1,1,27995,
2.76779e+07,,Surface,38,Image 1,1,27996,
6.81387e+06,,Surface,38,Image 1,1,27997,
2.25827e+07,,Surface,38,Image 1,1,27998,
2.76203e+07,,Surface,38,Image 1,1,27999,
2.78038e+07,,Surface,38,Image 1,1,28000,
3.19326e+07,,Surface,38,Image 1,1,28001,
2.88189e+07,,Surface,38,Image 1,1,28002,
2.97271e+07,,Surface,38,Image 1,1,28003,
3.17422e+07,,Surface,38,Image 1,1,28005,
5.22357e+07,,Surface,38,Image 1,1,28006,
6.99014e+07,,Surface,38,Image 1,1,28008,
2.52105e+07,,Surface,38,Image 1,1,28009,
2.51806e+07,,Surface,38,Image 1,1,28010,
1.15322e+07,,Surface,38,Image 1,1,28011,
1.9978e+07,,Surface,38,Image 1,1,28012,
3.76839e+07,,Surface,38,Image 1,1,28013,
1.12306e+07,,Surface,38,Image 1,1,28014,
3.37046e+07,,Surface,38,Image 1,1,28015,
1.24402e+08,,Surface,38,Image 1,1,28016,
6.06322e+06,,Surface,38,Image 1,1,28017,
8.86098e+07,,Surface,38,Image 1,1,28018,
7.68759e+07,,Surface,38,Image 1,1,28019,
3.81543e+07,,Surface,38,Image 1,1,28020,
3.35275e+07,,Surface,38,Image 1,1,28021,
5.24283e+07,,Surface,38,Image 1,1,28022,
3.93968e+07,,Surface,38,Image 1,1,28023,
8.42749e+07,,Surface,38,Image 1,1,28024,
1.32633e+08,,Surface,38,Image 1,1,28025,
6.49327e+07,,Surface,38,Image 1,1,28026,
2.0565e+08,,Surface,38,Image 1,1,28027,
1.04204e+07,,Surface,38,Image 1,1,28028,
4.0367e+07,,Surface,38,Image 1,1,28029,
2.74445e+07,,Surface,38,Image 1,1,28030,
7.95169e+07,,Surface,38,Image 1,1,28032,
4.08002e+07,,Surface,38,Image 1,1,28033,
2.46295e+07,,Surface,38,Image 1,1,28034,
3.95884e+07,,Surface,38,Image 1,1,28035,
8.07396e+06,,Surface,38,Image 1,1,28036,
5.67109e+07,,Surface,38,Image 1,1,28037,
2.3104e+07,,Surface,38,Image 1,1,28038,
3.00591e+07,,Surface,38,Image 1,1,28039,
7.01124e+07,,Surface,38,Image 1,1,28040,
6.34833e+07,,Surface,38,Image 1,1,28041,
6.39154e+07,,Surface,38,Image 1,1,28042,
2.43621e+07,,Surface,38,Image 1,1,28043,
2.98745e+07,,Surface,38,Image 1,1,28044,
6.62055e+07,,Surface,38,Image 1,1,28046,
1.7635e+07,,Surface,38,Image 1,1,28047,
3.91302e+07,,Surface,38,Image 1,1,28048,
7.82352e+07,,Surface,38,Image 1,1,28049,
1.41518e+07,,Surface,38,Image 1,1,28050,
1.34529e+07,,Surface,38,Image 1,1,28051,
3.43107e+07,,Surface,38,Image 1,1,28052,
2.02287e+07,,Surface,38,Image 1,1,28053,
4.26585e+07,,Surface,38,Image 1,1,28054,
2.48137e+07,,Surface,38,Image 1,1,28055,
7.51826e+07,,Surface,38,Image 1,1,28056,
8.58645e+07,,Surface,38,Image 1,1,28058,
5.32913e+07,,Surface,38,Image 1,1,28059,
4.26443e+07,,Surface,38,Image 1,1,28060,
8.04581e+07,,Surface,38,Image 1,1,28061,
4.33927e+07,,Surface,38,Image 1,1,28062,
3.76883e+07,,Surface,38,Image 1,1,28064,
2.49003e+07,,Surface,38,Image 1,1,28065,
1.82512e+08,,Surface,38,Image 1,1,28066,
1.09929e+08,,Surface,38,Image 1,1,28067,
2.73758e+07,,Surface,38,Image 1,1,28068,
3.05219e+08,,Surface,38,Image 1,1,28069,
1.39355e+07,,Surface,38,Image 1,1,28072,
7.92382e+07,,Surface,38,Image 1,1,28073,
2.42334e+07,,Surface,38,Image 1,1,28074,
3.79007e+07,,Surface,38,Image 1,1,28075,
5.50526e+07,,Surface,38,Image 1,1,28076,
2.60444e+07,,Surface,38,Image 1,1,28077,
4.11219e+07,,Surface,38,Image 1,1,28078,
3.73539e+07,,Surface,38,Image 1,1,28079,
2.46896e+07,,Surface,38,Image 1,1,28081,
1.2629e+08,,Surface,38,Image 1,1,28082,
1.74174e+08,,Surface,38,Image 1,1,28083,
1.72741e+07,,Surface,38,Image 1,1,28085,
1.50046e+07,,Surface,38,Image 1,1,28086,
1.96757e+07,,Surface,38,Image 1,1,28087,
1.68733e+06,,Surface,38,Image 1,1,28088,
8.83254e+06,,Surface,38,Image 1,1,28089,
1.65226e+08,,Surface,38,Image 1,1,28090,
1.80328e+07,,Surface,38,Image 1,1,28091,
1.14089e+07,,Surface,38,Image 1,1,28092,
1.55323e+07,,Surface,38,Image 1,1,28093,
5.30445e+07,,Surface,38,Image 1,1,28094,
8.8533e+07,,Surface,38,Image 1,1,28095,
1.1825e+07,,Surface,38,Image 1,1,28096,
5.82367e+07,,Surface,38,Image 1,1,28097,
2.42573e+07,,Surface,38,Image 1,1,28098,
8.08393e+07,,Surface,38,Image 1,1,28099,
4.24715e+07,,Surface,38,Image 1,1,28100,
1.97616e+08,,Surface,38,Image 1,1,28101,
4.17011e+07,,Surface,38,Image 1,1,28102,
1.28695e+07,,Surface,38,Image 1,1,28103,
2.11498e+07,,Surface,38,Image 1,1,28104,
5.75251e+07,,Surface,38,Image 1,1,28106,
3.59374e+07,,Surface,38,Image 1,1,28107,
9.56584e+07,,Surface,38,Image 1,1,28108,
3.80121e+07,,Surface,38,Image 1,1,28109,
9.48762e+07,,Surface,38,Image 1,1,28110,
2.81741e+07,,Surface,38,Image 1,1,28111,
3.22571e+07,,Surface,38,Image 1,1,28112,
1.77996e+07,,Surface,38,Image 1,1,28113,
1.11864e+08,,Surface,38,Image 1,1,28114,
4.58996e+07,,Surface,38,Image 1,1,28115,
2.19662e+07,,Surface,38,Image 1,1,28117,
4.9785e+07,,Surface,38,Image 1,1,28118,
9.89503e+07,,Surface,38,Image 1,1,28120,
3.79301e+07,,Surface,38,Image 1,1,28122,
1.88423e+07,,Surface,38,Image 1,1,28123,
5.98395e+07,,Surface,38,Image 1,1,28124,
4.85915e+06,,Surface,38,Image 1,1,28125,
4.2633e+07,,Surface,38,Image 1,1,28126,
2.40622e+07,,Surface,38,Image 1,1,28127,
2.73947e+08,,Surface,38,Image 1,1,28128,
4.54249e+07,,Surface,38,Image 1,1,28130,
5.36639e+07,,Surface,38,Image 1,1,28131,
5.07025e+07,,Surface,38,Image 1,1,28132,
9.53401e+06,,Surface,38,Image 1,1,28133,
3.34746e+07,,Surface,38,Image 1,1,28134,
3.69286e+07,,Surface,38,Image 1,1,28135,
1.98487e+07,,Surface,38,Image 1,1,28136,
3.59041e+06,,Surface,38,Image 1,1,28137,
5.92374e+07,,Surface,38,Image 1,1,28139,
3.87012e+07,,Surface,38,Image 1,1,28140,
1.09531e+08,,Surface,38,Image 1,1,28141,
4.84938e+07,,Surface,38,Image 1,1,28142,
5.82294e+07,,Surface,38,Image 1,1,28144,
1.11246e+07,,Surface,38,Image 1,1,28146,
3.5541e+07,,Surface,38,Image 1,1,28147,
1.05403e+07,,Surface,38,Image 1,1,28148,
1.3307e+08,,Surface,38,Image 1,1,28149,
3.92392e+07,,Surface,38,Image 1,1,28150,
2.50657e+07,,Surface,38,Image 1,1,28151,
1.12233e+08,,Surface,38,Image 1,1,28152,
1.40338e+07,,Surface,38,Image 1,1,28153,
1.40825e+07,,Surface,38,Image 1,1,28154,
3.17565e+06,,Surface,38,Image 1,1,28156,
3.93914e+07,,Surface,38,Image 1,1,28157,
4.26899e+06,,Surface,38,Image 1,1,28158,
7.01486e+07,,Surface,38,Image 1,1,28159,
1.80937e+07,,Surface,38,Image 1,1,28161,
1.47055e+07,,Surface,38,Image 1,1,28162,
7.71931e+06,,Surface,38,Image 1,1,28163,
7.56244e+06,,Surface,38,Image 1,1,28164,
2.51069e+07,,Surface,38,Image 1,1,28165,
2.35796e+07,,Surface,38,Image 1,1,28166,
5.02221e+07,,Surface,38,Image 1,1,28167,
3.7153e+07,,Surface,38,Image 1,1,28168,
6.51432e+07,,Surface,38,Image 1,1,28169,
6.26832e+07,,Surface,38,Image 1,1,28171,
2.07292e+07,,Surface,38,Image 1,1,28173,
1.93865e+07,,Surface,38,Image 1,1,28174,
2.42106e+07,,Surface,38,Image 1,1,28175,
4.41454e+06,,Surface,38,Image 1,1,28176,
3.76334e+07,,Surface,38,Image 1,1,28177,
4.49415e+06,,Surface,38,Image 1,1,28178,
1.68743e+08,,Surface,38,Image 1,1,28179,
7.9156e+07,,Surface,38,Image 1,1,28180,
2.35071e+07,,Surface,38,Image 1,1,28181,
1.21481e+07,,Surface,38,Image 1,1,28183,
5.01703e+07,,Surface,38,Image 1,1,28184,
7.03877e+07,,Surface,38,Image 1,1,28185,
2.47306e+07,,Surface,38,Image 1,1,28186,
2.76675e+07,,Surface,38,Image 1,1,28187,
3.26863e+07,,Surface,38,Image 1,1,28189,
4.52839e+07,,Surface,38,Image 1,1,28190,
2.27042e+07,,Surface,38,Image 1,1,28191,
1.76203e+07,,Surface,38,Image 1,1,28192,
4.79243e+07,,Surface,38,Image 1,1,28193,
4.32304e+07,,Surface,38,Image 1,1,28194,
4.78715e+07,,Surface,38,Image 1,1,28195,
5.1944e+07,,Surface,38,Image 1,1,28196,
3.17548e+07,,Surface,38,Image 1,1,28197,
2.84609e+07,,Surface,38,Image 1,1,28198,
2.34352e+07,,Surface,38,Image 1,1,28199,
1.02304e+08,,Surface,38,Image 1,1,28200,
5.19735e+07,,Surface,38,Image 1,1,28201,
4.94005e+07,,Surface,38,Image 1,1,28202,
2.89115e+07,,Surface,38,Image 1,1,28203,
6.14002e+07,,Surface,38,Image 1,1,28204,
9.30514e+07,,Surface,38,Image 1,1,28205,
6.94803e+07,,Surface,38,Image 1,1,28206,
4.63628e+07,,Surface,38,Image 1,1,28207,
1.1075e+08,,Surface,38,Image 1,1,28208,
1.8461e+07,,Surface,38,Image 1,1,28209,
4.46645e+07,,Surface,38,Image 1,1,28210,
6.26386e+06,,Surface,38,Image 1,1,28211,
1.74802e+07,,Surface,38,Image 1,1,28212,
8.67052e+07,,Surface,38,Image 1,1,28214,
7.73634e+07,,Surface,38,Image 1,1,28215,
7.69904e+06,,Surface,38,Image 1,1,28216,
9.46539e+07,,Surface,38,Image 1,1,28218,
4.33015e+07,,Surface,38,Image 1,1,28219,
2.18201e+07,,Surface,38,Image 1,1,28220,
2.8313e+08,,Surface,38,Image 1,1,28221,
4.26604e+07,,Surface,38,Image 1,1,28222,
3.10304e+07,,Surface,38,Image 1,1,28223,
3.34123e+07,,Surface,38,Image 1,1,28224,
1.0371e+07,,Surface,38,Image 1,1,28225,
3.41866e+07,,Surface,38,Image 1,1,28226,
4.98777e+07,,Surface,38,Image 1,1,28227,
2.57207e+07,,Surface,38,Image 1,1,28229,
8.39532e+07,,Surface,38,Image 1,1,28230,
5.86989e+07,,Surface,38,Image 1,1,28231,
1.12505e+07,,Surface,38,Image 1,1,28232,
1.20486e+08,,Surface,38,Image 1,1,28233,
3.21231e+07,,Surface,38,Image 1,1,28234,
2.70632e+07,,Surface,38,Image 1,1,28235,
3.31789e+07,,Surface,38,Image 1,1,28236,
1.10842e+07,,Surface,38,Image 1,1,28237,
4.0097e+07,,Surface,38,Image 1,1,28238,
5.18289e+07,,Surface,38,Image 1,1,28239,
2.93087e+07,,Surface,38,Image 1,1,28240,
5.062e+07,,Surface,38,Image 1,1,28241,
2.7814e+07,,Surface,38,Image 1,1,28242,
1.90537e+07,,Surface,38,Image 1,1,28243,
3.0961e+07,,Surface,38,Image 1,1,28244,
3.74375e+07,,Surface,38,Image 1,1,28245,
9.83837e+07,,Surface,38,Image 1,1,28246,
3.80486e+07,,Surface,38,Image 1,1,28247,
4.51153e+07,,Surface,38,Image 1,1,28248,
2.63232e+07,,Surface,38,Image 1,1,28249,
4.84188e+07,,Surface,38,Image 1,1,28250,
1.64557e+08,,Surface,38,Image 1,1,28251,
1.83829e+07,,Surface,38,Image 1,1,28252,
5.59983e+07,,Surface,38,Image 1,1,28253,
6.64051e+07,,Surface,38,Image 1,1,28254,
7.87366e+07,,Surface,38,Image 1,1,28255,
1.43448e+07,,Surface,38,Image 1,1,28256,
3.51698e+07,,Surface,38,Image 1,1,28257,
1.98972e+07,,Surface,38,Image 1,1,28258,
2.50599e+07,,Surface,38,Image 1,1,28259,
4.50688e+07,,Surface,38,Image 1,1,28260,
6.81284e+07,,Surface,38,Image 1,1,28261,
1.27498e+07,,Surface,38,Image 1,1,28263,
6.03555e+07,,Surface,38,Image 1,1,28264,
5.96656e+06,,Surface,38,Image 1,1,28265,
4.30579e+07,,Surface,38,Image 1,1,28266,
1.46028e+08,,Surface,38,Image 1,1,28267,
3.56568e+07,,Surface,38,Image 1,1,28268,
7.75028e+07,,Surface,38,Image 1,1,28269,
6.09562e+06,,Surface,38,Image 1,1,28270,
1.19885e+07,,Surface,38,Image 1,1,28271,
1.37132e+08,,Surface,38,Image 1,1,28272,
5.69583e+07,,Surface,38,Image 1,1,28273,
8.16917e+07,,Surface,38,Image 1,1,28275,
2.46834e+07,,Surface,38,Image 1,1,28276,
4.37577e+07,,Surface,38,Image 1,1,28278,
3.9432e+07,,Surface,38,Image 1,1,28279,
1.78159e+07,,Surface,38,Image 1,1,28281,
6.66211e+07,,Surface,38,Image 1,1,28282,
2.8339e+08,,Surface,38,Image 1,1,28283,
4.17411e+07,,Surface,38,Image 1,1,28284,
4.71453e+07,,Surface,38,Image 1,1,28285,
5.14097e+07,,Surface,38,Image 1,1,28286,
6.17555e+07,,Surface,38,Image 1,1,28287,
4.49581e+07,,Surface,38,Image 1,1,28288,
4.27523e+07,,Surface,38,Image 1,1,28289,
6.3704e+07,,Surface,38,Image 1,1,28290,
9.58452e+07,,Surface,38,Image 1,1,28291,
9.80508e+07,,Surface,38,Image 1,1,28292,
5.08236e+07,,Surface,38,Image 1,1,28293,
1.69861e+08,,Surface,38,Image 1,1,28294,
3.56986e+07,,Surface,38,Image 1,1,28295,
4.06896e+07,,Surface,38,Image 1,1,28297,
5.98307e+07,,Surface,38,Image 1,1,28298,
3.21897e+07,,Surface,38,Image 1,1,28299,
5.188e+07,,Surface,38,Image 1,1,28300,
1.29159e+08,,Surface,38,Image 1,1,28301,
6.09548e+07,,Surface,38,Image 1,1,28302,
1.90015e+07,,Surface,38,Image 1,1,28303,
2.44566e+07,,Surface,38,Image 1,1,28304,
1.53174e+08,,Surface,38,Image 1,1,28305,
1.86233e+07,,Surface,38,Image 1,1,28306,
5.35051e+07,,Surface,38,Image 1,1,28307,
4.56722e+07,,Surface,38,Image 1,1,28308,
3.04529e+07,,Surface,38,Image 1,1,28310,
3.76978e+07,,Surface,38,Image 1,1,28312,
1.44804e+07,,Surface,38,Image 1,1,28313,
7.86726e+07,,Surface,38,Image 1,1,28314,
7.12491e+07,,Surface,38,Image 1,1,28315,
3.81435e+07,,Surface,38,Image 1,1,28316,
8.29408e+07,,Surface,38,Image 1,1,28318,
8.17579e+07,,Surface,38,Image 1,1,28319,
1.20503e+07,,Surface,38,Image 1,1,28320,
2.46408e+07,,Surface,38,Image 1,1,28321,
3.18713e+07,,Surface,38,Image 1,1,28322,
5.70728e+07,,Surface,38,Image 1,1,28323,
3.21346e+07,,Surface,38,Image 1,1,28324,
6.69417e+07,,Surface,38,Image 1,1,28325,
9.14965e+07,,Surface,38,Image 1,1,28326,
4.30878e+07,,Surface,38,Image 1,1,28327,
5.60369e+07,,Surface,38,Image 1,1,28328,
1.18284e+08,,Surface,38,Image 1,1,28329,
3.96446e+07,,Surface,38,Image 1,1,28330,
1.0002e+07,,Surface,38,Image 1,1,28331,
1.47322e+07,,Surface,38,Image 1,1,28332,
8.33084e+07,,Surface,38,Image 1,1,28333,
2.53272e+07,,Surface,38,Image 1,1,28336,
6.8692e+07,,Surface,38,Image 1,1,28337,
5.81099e+07,,Surface,38,Image 1,1,28338,
1.13809e+06,,Surface,38,Image 1,1,28339,
5.03748e+07,,Surface,38,Image 1,1,28340,
2.66297e+07,,Surface,38,Image 1,1,28342,
4.84276e+07,,Surface,38,Image 1,1,28343,
6.58944e+07,,Surface,38,Image 1,1,28344,
2.1668e+07,,Surface,38,Image 1,1,28345,
1.30975e+07,,Surface,38,Image 1,1,28346,
3.14917e+07,,Surface,38,Image 1,1,28347,
1.32874e+08,,Surface,38,Image 1,1,28348,
1.30665e+07,,Surface,38,Image 1,1,28349,
6.03594e+06,,Surface,38,Image 1,1,28350,
1.24943e+08,,Surface,38,Image 1,1,28351,
7.71809e+07,,Surface,38,Image 1,1,28353,
8.06385e+07,,Surface,38,Image 1,1,28354,
9.90599e+06,,Surface,38,Image 1,1,28355,
4.7066e+07,,Surface,38,Image 1,1,28356,
2.48391e+07,,Surface,38,Image 1,1,28357,
4.46076e+07,,Surface,38,Image 1,1,28358,
1.92512e+07,,Surface,38,Image 1,1,28359,
2.92887e+07,,Surface,38,Image 1,1,28360,
4.71911e+07,,Surface,38,Image 1,1,28361,
1.01882e+08,,Surface,38,Image 1,1,28362,
4.18184e+07,,Surface,38,Image 1,1,28363,
4.55218e+07,,Surface,38,Image 1,1,28364,
9.91683e+07,,Surface,38,Image 1,1,28365,
3.20639e+07,,Surface,38,Image 1,1,28366,
2.66629e+07,,Surface,38,Image 1,1,28367,
4.38153e+07,,Surface,38,Image 1,1,28368,
5.34658e+07,,Surface,38,Image 1,1,28369,
2.07268e+07,,Surface,38,Image 1,1,28370,
2.46122e+07,,Surface,38,Image 1,1,28371,
1.64376e+07,,Surface,38,Image 1,1,28372,
1.70526e+07,,Surface,38,Image 1,1,28373,
4.21379e+07,,Surface,38,Image 1,1,28374,
4.8366e+07,,Surface,38,Image 1,1,28375,
9.08397e+07,,Surface,38,Image 1,1,28376,
4.34899e+07,,Surface,38,Image 1,1,28377,
2.61922e+07,,Surface,38,Image 1,1,28378,
2.63633e+07,,Surface,38,Image 1,1,28379,
1.06324e+07,,Surface,38,Image 1,1,28380,
7.54469e+07,,Surface,38,Image 1,1,28381,
2.19926e+07,,Surface,38,Image 1,1,28383,
3.28997e+07,,Surface,38,Image 1,1,28384,
1.58795e+07,,Surface,38,Image 1,1,28385,
4.67066e+07,,Surface,38,Image 1,1,28386,
6.72516e+07,,Surface,38,Image 1,1,28387,
2.28998e+07,,Surface,38,Image 1,1,28388,
3.19232e+07,,Surface,38,Image 1,1,28389,
1.86433e+07,,Surface,38,Image 1,1,28390,
1.83572e+08,,Surface,38,Image 1,1,28391,
4.95636e+07,,Surface,38,Image 1,1,28392,
6.98398e+07,,Surface,38,Image 1,1,28393,
6.08427e+07,,Surface,38,Image 1,1,28394,
3.26053e+07,,Surface,38,Image 1,1,28395,
2.30841e+07,,Surface,38,Image 1,1,28396,
1.73912e+08,,Surface,38,Image 1,1,28397,
4.80096e+07,,Surface,38,Image 1,1,28398,
2.65603e+07,,Surface,38,Image 1,1,28399,
1.85588e+07,,Surface,38,Image 1,1,28400,
5.69119e+07,,Surface,38,Image 1,1,28401,
1.78448e+07,,Surface,38,Image 1,1,28402,
1.04638e+08,,Surface,38,Image 1,1,28403,
1.2016e+08,,Surface,38,Image 1,1,28404,
1.2205e+08,,Surface,38,Image 1,1,28405,
7.20429e+06,,Surface,38,Image 1,1,28406,
9.38511e+07,,Surface,38,Image 1,1,28407,
4.65445e+06,,Surface,38,Image 1,1,28408,
3.92778e+07,,Surface,38,Image 1,1,28409,
2.9219e+07,,Surface,38,Image 1,1,28410,
2.80425e+07,,Surface,38,Image 1,1,28411,
1.01826e+08,,Surface,38,Image 1,1,28412,
3.62891e+07,,Surface,38,Image 1,1,28413,
6.74808e+07,,Surface,38,Image 1,1,28414,
1.81288e+07,,Surface,38,Image 1,1,28415,
2.67379e+07,,Surface,38,Image 1,1,28416,
2.0865e+07,,Surface,38,Image 1,1,28417,
3.4603e+07,,Surface,38,Image 1,1,28418,
9.73039e+06,,Surface,38,Image 1,1,28419,
3.28179e+07,,Surface,38,Image 1,1,28420,
3.72075e+07,,Surface,38,Image 1,1,28421,
1.05674e+08,,Surface,38,Image 1,1,28422,
1.05925e+07,,Surface,38,Image 1,1,28423,
2.78486e+07,,Surface,38,Image 1,1,28424,
3.70824e+07,,Surface,38,Image 1,1,28425,
1.41244e+07,,Surface,38,Image 1,1,28426,
9.41045e+07,,Surface,38,Image 1,1,28427,
1.70793e+07,,Surface,38,Image 1,1,28429,
1.90442e+07,,Surface,38,Image 1,1,28430,
4.42793e+06,,Surface,38,Image 1,1,28431,
1.46636e+07,,Surface,38,Image 1,1,28432,
7.28096e+06,,Surface,38,Image 1,1,28433,
4.176e+07,,Surface,38,Image 1,1,28434,
1.07418e+07,,Surface,38,Image 1,1,28435,
7.08371e+07,,Surface,38,Image 1,1,28436,
6.02553e+07,,Surface,38,Image 1,1,28437,
4.56914e+06,,Surface,38,Image 1,1,28438,
2.38864e+06,,Surface,38,Image 1,1,28439,
2.20862e+08,,Surface,38,Image 1,1,28440,
485640,,Surface,38,Image 1,1,28441,
1.76513e+07,,Surface,38,Image 1,1,28442,
6.76177e+07,,Surface,38,Image 1,1,28443,
2.12795e+07,,Surface,38,Image 1,1,28444,
3.10374e+07,,Surface,38,Image 1,1,28445,
8.1441e+07,,Surface,38,Image 1,1,28446,
2.13385e+08,,Surface,38,Image 1,1,28447,
4.54229e+07,,Surface,38,Image 1,1,28448,
1.93685e+07,,Surface,38,Image 1,1,28449,
5.82698e+07,,Surface,38,Image 1,1,28450,
5.02236e+06,,Surface,38,Image 1,1,28451,
2.90298e+07,,Surface,38,Image 1,1,28452,
9.75822e+07,,Surface,38,Image 1,1,28453,
3.73396e+07,,Surface,38,Image 1,1,28454,
5.50668e+06,,Surface,38,Image 1,1,28456,
1.04966e+08,,Surface,38,Image 1,1,28457,
3.05196e+07,,Surface,38,Image 1,1,28458,
4.76644e+07,,Surface,38,Image 1,1,28459,
1.35457e+08,,Surface,38,Image 1,1,28460,
2.87082e+07,,Surface,38,Image 1,1,28461,
6.44289e+07,,Surface,38,Image 1,1,28462,
7.8973e+07,,Surface,38,Image 1,1,28463,
3.58977e+07,,Surface,38,Image 1,1,28464,
2.17733e+07,,Surface,38,Image 1,1,28465,
5.56118e+07,,Surface,38,Image 1,1,28466,
4.85844e+07,,Surface,38,Image 1,1,28467,
1.16656e+07,,Surface,38,Image 1,1,28468,
8.48241e+07,,Surface,38,Image 1,1,28469,
2.79756e+07,,Surface,38,Image 1,1,28470,
4.8106e+07,,Surface,38,Image 1,1,28471,
5.17313e+07,,Surface,38,Image 1,1,28472,
6.99972e+07,,Surface,38,Image 1,1,28473,
7.11446e+07,,Surface,38,Image 1,1,28474,
3.39371e+07,,Surface,38,Image 1,1,28475,
7.26868e+06,,Surface,38,Image 1,1,28476,
6.17789e+07,,Surface,38,Image 1,1,28477,
6.02274e+07,,Surface,38,Image 1,1,28479,
4.60763e+06,,Surface,38,Image 1,1,28480,
3.6424e+07,,Surface,38,Image 1,1,28481,
5.18024e+07,,Surface,38,Image 1,1,28482,
6.68617e+07,,Surface,38,Image 1,1,28483,
2.71493e+07,,Surface,38,Image 1,1,28484,
5.64381e+07,,Surface,38,Image 1,1,28485,
3.12494e+07,,Surface,38,Image 1,1,28486,
1.06348e+08,,Surface,38,Image 1,1,28487,
1.63325e+07,,Surface,38,Image 1,1,28488,
6.65491e+07,,Surface,38,Image 1,1,28489,
1.1871e+08,,Surface,38,Image 1,1,28490,
3.56456e+07,,Surface,38,Image 1,1,28491,
1.01388e+08,,Surface,38,Image 1,1,28492,
2.05252e+07,,Surface,38,Image 1,1,28493,
1.40609e+07,,Surface,38,Image 1,1,28494,
1.52618e+07,,Surface,38,Image 1,1,28495,
1.59197e+07,,Surface,38,Image 1,1,28496,
2.10697e+07,,Surface,38,Image 1,1,28497,
2.88606e+07,,Surface,38,Image 1,1,28498,
3.38899e+07,,Surface,38,Image 1,1,28499,
2.9167e+07,,Surface,38,Image 1,1,28501,
2.72188e+08,,Surface,38,Image 1,1,28502,
2.30273e+07,,Surface,38,Image 1,1,28503,
1.54788e+07,,Surface,38,Image 1,1,28504,
6.80255e+07,,Surface,38,Image 1,1,28505,
1.79836e+07,,Surface,38,Image 1,1,28506,
1.58303e+07,,Surface,38,Image 1,1,28507,
2.79757e+07,,Surface,38,Image 1,1,28508,
1.20831e+07,,Surface,38,Image 1,1,28509,
7.90913e+07,,Surface,38,Image 1,1,28510,
7.81855e+06,,Surface,38,Image 1,1,28511,
3.21824e+07,,Surface,38,Image 1,1,28512,
8.55067e+06,,Surface,38,Image 1,1,28513,
583766,,Surface,38,Image 1,1,28514,
1.92097e+07,,Surface,38,Image 1,1,28515,
2.279e+07,,Surface,38,Image 1,1,28516,
3.29766e+07,,Surface,38,Image 1,1,28517,
2.35659e+07,,Surface,38,Image 1,1,28518,
2.29635e+07,,Surface,38,Image 1,1,28519,
8.30546e+07,,Surface,38,Image 1,1,28520,
1.2361e+08,,Surface,38,Image 1,1,28521,
2.91264e+07,,Surface,38,Image 1,1,28522,
7.60147e+07,,Surface,38,Image 1,1,28523,
1.35253e+07,,Surface,38,Image 1,1,28524,
3.08326e+07,,Surface,38,Image 1,1,28525,
8.97383e+06,,Surface,38,Image 1,1,28526,
3.28571e+07,,Surface,38,Image 1,1,28528,
2.98172e+07,,Surface,38,Image 1,1,28529,
4.44978e+07,,Surface,38,Image 1,1,28530,
1.7314e+07,,Surface,38,Image 1,1,28531,
2.41656e+07,,Surface,38,Image 1,1,28532,
5.19796e+07,,Surface,38,Image 1,1,28533,
1.40039e+08,,Surface,38,Image 1,1,28534,
1.33677e+07,,Surface,38,Image 1,1,28535,
1.00431e+08,,Surface,38,Image 1,1,28536,
2.78912e+07,,Surface,38,Image 1,1,28537,
1.60887e+07,,Surface,38,Image 1,1,28538,
5.91806e+06,,Surface,38,Image 1,1,28539,
2.34258e+07,,Surface,38,Image 1,1,28540,
1.98041e+07,,Surface,38,Image 1,1,28541,
4.61093e+07,,Surface,38,Image 1,1,28543,
1.10747e+08,,Surface,38,Image 1,1,28544,
5.97106e+07,,Surface,38,Image 1,1,28545,
3.34791e+07,,Surface,38,Image 1,1,28546,
5.26412e+07,,Surface,38,Image 1,1,28547,
5.61008e+07,,Surface,38,Image 1,1,28548,
1.21671e+07,,Surface,38,Image 1,1,28549,
1.85893e+07,,Surface,38,Image 1,1,28550,
3.47326e+07,,Surface,38,Image 1,1,28551,
1.65701e+07,,Surface,38,Image 1,1,28552,
1.69201e+07,,Surface,38,Image 1,1,28553,
6.52329e+07,,Surface,38,Image 1,1,28554,
1.45295e+07,,Surface,38,Image 1,1,28555,
4.38532e+07,,Surface,38,Image 1,1,28556,
8.68857e+07,,Surface,38,Image 1,1,28559,
2.4518e+07,,Surface,38,Image 1,1,28560,
1.03584e+07,,Surface,38,Image 1,1,28561,
7.40692e+07,,Surface,38,Image 1,1,28562,
9.53331e+06,,Surface,38,Image 1,1,28563,
3.2647e+07,,Surface,38,Image 1,1,28564,
8.41994e+07,,Surface,38,Image 1,1,28565,
5.9157e+07,,Surface,38,Image 1,1,28567,
3.93904e+07,,Surface,38,Image 1,1,28569,
7.66105e+07,,Surface,38,Image 1,1,28571,
7.31575e+07,,Surface,38,Image 1,1,28572,
8.01587e+07,,Surface,38,Image 1,1,28573,
4.40756e+07,,Surface,38,Image 1,1,28574,
1.20892e+08,,Surface,38,Image 1,1,28575,
3.20828e+07,,Surface,38,Image 1,1,28576,
9.47632e+06,,Surface,38,Image 1,1,28577,
4.62682e+07,,Surface,38,Image 1,1,28579,
2.04188e+07,,Surface,38,Image 1,1,28580,
7.10757e+07,,Surface,38,Image 1,1,28582,
2.94434e+07,,Surface,38,Image 1,1,28583,
2.33049e+07,,Surface,38,Image 1,1,28584,
1.23128e+07,,Surface,38,Image 1,1,28585,
8.78507e+07,,Surface,38,Image 1,1,28587,
9.39221e+07,,Surface,38,Image 1,1,28588,
1.5595e+07,,Surface,38,Image 1,1,28589,
9.17572e+07,,Surface,38,Image 1,1,28590,
3.22545e+07,,Surface,38,Image 1,1,28591,
5.54677e+07,,Surface,38,Image 1,1,28592,
2.59974e+07,,Surface,38,Image 1,1,28594,
6.30296e+07,,Surface,38,Image 1,1,28596,
2.13812e+07,,Surface,38,Image 1,1,28597,
1.93087e+07,,Surface,38,Image 1,1,28598,
893877,,Surface,38,Image 1,1,28599,
4.36346e+07,,Surface,38,Image 1,1,28600,
8.53038e+07,,Surface,38,Image 1,1,28601,
4.25596e+07,,Surface,38,Image 1,1,28602,
5.60436e+07,,Surface,38,Image 1,1,28604,
5.23846e+07,,Surface,38,Image 1,1,28605,
3.0161e+07,,Surface,38,Image 1,1,28606,
2.23355e+07,,Surface,38,Image 1,1,28607,
7.35072e+07,,Surface,38,Image 1,1,28608,
1.58178e+07,,Surface,38,Image 1,1,28609,
2.58074e+07,,Surface,38,Image 1,1,28611,
2.46952e+07,,Surface,38,Image 1,1,28612,
6.04554e+07,,Surface,38,Image 1,1,28614,
3.8107e+07,,Surface,38,Image 1,1,28615,
3.17634e+07,,Surface,38,Image 1,1,28616,
2.63592e+07,,Surface,38,Image 1,1,28617,
9.24913e+07,,Surface,38,Image 1,1,28618,
7.1692e+07,,Surface,38,Image 1,1,28619,
5.68793e+07,,Surface,38,Image 1,1,28620,
3.0939e+07,,Surface,38,Image 1,1,28623,
5.50281e+07,,Surface,38,Image 1,1,28624,
2.73308e+07,,Surface,38,Image 1,1,28625,
3.63843e+07,,Surface,38,Image 1,1,28626,
1.13879e+08,,Surface,38,Image 1,1,28627,
4.31934e+07,,Surface,38,Image 1,1,28628,
1.95439e+08,,Surface,38,Image 1,1,28630,
5.51321e+07,,Surface,38,Image 1,1,28631,
1.32733e+07,,Surface,38,Image 1,1,28632,
1.22894e+07,,Surface,38,Image 1,1,28633,
6.12001e+07,,Surface,38,Image 1,1,28634,
8.81136e+07,,Surface,38,Image 1,1,28636,
5.09956e+07,,Surface,38,Image 1,1,28637,
8.75035e+07,,Surface,38,Image 1,1,28638,
1.77217e+07,,Surface,38,Image 1,1,28640,
8.79295e+07,,Surface,38,Image 1,1,28641,
1.08652e+07,,Surface,38,Image 1,1,28642,
1.04875e+08,,Surface,38,Image 1,1,28643,
1.72663e+08,,Surface,38,Image 1,1,28644,
9.55477e+07,,Surface,38,Image 1,1,28645,
5.87871e+07,,Surface,38,Image 1,1,28646,
2.70555e+07,,Surface,38,Image 1,1,28647,
3.23553e+07,,Surface,38,Image 1,1,28648,
3.47843e+07,,Surface,38,Image 1,1,28649,
3.63535e+07,,Surface,38,Image 1,1,28650,
1.42153e+07,,Surface,38,Image 1,1,28651,
5.68214e+07,,Surface,38,Image 1,1,28652,
1.56546e+07,,Surface,38,Image 1,1,28653,
1.7512e+06,,Surface,38,Image 1,1,28656,
2.44022e+07,,Surface,38,Image 1,1,28657,
1.42065e+07,,Surface,38,Image 1,1,28658,
1.39708e+07,,Surface,38,Image 1,1,28659,
2.60785e+07,,Surface,38,Image 1,1,28660,
5.57699e+07,,Surface,38,Image 1,1,28661,
6.50763e+07,,Surface,38,Image 1,1,28662,
1.38937e+08,,Surface,38,Image 1,1,28663,
6.19802e+07,,Surface,38,Image 1,1,28664,
4.97246e+06,,Surface,38,Image 1,1,28665,
2.87581e+07,,Surface,38,Image 1,1,28666,
1.10678e+07,,Surface,38,Image 1,1,28667,
1.01515e+08,,Surface,38,Image 1,1,28668,
6.17166e+07,,Surface,38,Image 1,1,28670,
3.62324e+07,,Surface,38,Image 1,1,28671,
1.07912e+08,,Surface,38,Image 1,1,28673,
5.23912e+07,,Surface,38,Image 1,1,28674,
1.03595e+07,,Surface,38,Image 1,1,28675,
1.06763e+07,,Surface,38,Image 1,1,28676,
2.28966e+07,,Surface,38,Image 1,1,28677,
2.35313e+07,,Surface,38,Image 1,1,28678,
1.99227e+07,,Surface,38,Image 1,1,28679,
2.23562e+07,,Surface,38,Image 1,1,28680,
3.22896e+07,,Surface,38,Image 1,1,28681,
4.62155e+07,,Surface,38,Image 1,1,28682,
4.05848e+07,,Surface,38,Image 1,1,28683,
9.2924e+07,,Surface,38,Image 1,1,28684,
1.88942e+07,,Surface,38,Image 1,1,28686,
1.78914e+08,,Surface,38,Image 1,1,28687,
6.62434e+07,,Surface,38,Image 1,1,28688,
1.28806e+07,,Surface,38,Image 1,1,28689,
5.12539e+07,,Surface,38,Image 1,1,28691,
3.62548e+07,,Surface,38,Image 1,1,28692,
1.39417e+08,,Surface,38,Image 1,1,28693,
1.69866e+07,,Surface,38,Image 1,1,28694,
9.52436e+07,,Surface,38,Image 1,1,28695,
1.02326e+08,,Surface,38,Image 1,1,28696,
2.9242e+07,,Surface,38,Image 1,1,28697,
1.26152e+08,,Surface,38,Image 1,1,28698,
5.68416e+07,,Surface,38,Image 1,1,28699,
1.482e+07,,Surface,38,Image 1,1,28700,
5.05416e+07,,Surface,38,Image 1,1,28701,
2.44738e+07,,Surface,38,Image 1,1,28702,
4.11667e+07,,Surface,38,Image 1,1,28703,
2.17666e+07,,Surface,38,Image 1,1,28704,
1.02138e+07,,Surface,38,Image 1,1,28705,
2.89522e+07,,Surface,38,Image 1,1,28706,
7.59364e+06,,Surface,38,Image 1,1,28707,
4.74756e+07,,Surface,38,Image 1,1,28708,
6.39766e+07,,Surface,38,Image 1,1,28709,
5.50259e+07,,Surface,38,Image 1,1,28711,
3.87959e+07,,Surface,38,Image 1,1,28712,
2.76996e+07,,Surface,38,Image 1,1,28713,
1.59978e+08,,Surface,38,Image 1,1,28714,
6.94823e+07,,Surface,38,Image 1,1,28715,
8.47434e+07,,Surface,38,Image 1,1,28716,
2.12091e+07,,Surface,38,Image 1,1,28717,
1.39326e+07,,Surface,38,Image 1,1,28718,
1.17835e+08,,Surface,38,Image 1,1,28719,
1.48547e+08,,Surface,38,Image 1,1,28720,
1.45208e+08,,Surface,38,Image 1,1,28721,
2.57303e+07,,Surface,38,Image 1,1,28722,
1.5102e+08,,Surface,38,Image 1,1,28723,
1.13511e+08,,Surface,38,Image 1,1,28724,
9.61867e+06,,Surface,38,Image 1,1,28725,
1.38103e+08,,Surface,38,Image 1,1,28726,
3.37883e+07,,Surface,38,Image 1,1,28727,
3.93779e+07,,Surface,38,Image 1,1,28729,
3.67863e+07,,Surface,38,Image 1,1,28730,
1.24252e+08,,Surface,38,Image 1,1,28731,
9.39578e+06,,Surface,38,Image 1,1,28732,
1.65034e+08,,Surface,38,Image 1,1,28733,
2.16243e+07,,Surface,38,Image 1,1,28734,
3.41099e+07,,Surface,38,Image 1,1,28735,
2.06299e+07,,Surface,38,Image 1,1,28736,
6.1249e+07,,Surface,38,Image 1,1,28737,
9.55859e+07,,Surface,38,Image 1,1,28738,
9.28486e+07,,Surface,38,Image 1,1,28739,
8.93776e+06,,Surface,38,Image 1,1,28740,
1.5358e+08,,Surface,38,Image 1,1,28741,
1.75587e+08,,Surface,38,Image 1,1,28742,
2.97648e+07,,Surface,38,Image 1,1,28743,
3.04026e+07,,Surface,38,Image 1,1,28744,
7.74502e+07,,Surface,38,Image 1,1,28745,
2.95915e+07,,Surface,38,Image 1,1,28746,
4.12415e+07,,Surface,38,Image 1,1,28747,
3.19754e+06,,Surface,38,Image 1,1,28748,
2.3915e+07,,Surface,38,Image 1,1,28749,
1.04698e+08,,Surface,38,Image 1,1,28750,
5.14001e+07,,Surface,38,Image 1,1,28751,
8.0491e+07,,Surface,38,Image 1,1,28752,
6.15931e+07,,Surface,38,Image 1,1,28753,
8.50181e+07,,Surface,38,Image 1,1,28754,
1.05623e+08,,Surface,38,Image 1,1,28755,
4.6109e+07,,Surface,38,Image 1,1,28756,
2.87917e+08,,Surface,38,Image 1,1,28757,
7.96906e+07,,Surface,38,Image 1,1,28758,
3.48146e+07,,Surface,38,Image 1,1,28759,
7.94471e+07,,Surface,38,Image 1,1,28760,
2.66529e+07,,Surface,38,Image 1,1,28761,
4.88857e+07,,Surface,38,Image 1,1,28762,
3.69441e+07,,Surface,38,Image 1,1,28763,
2.26367e+07,,Surface,38,Image 1,1,28764,
1.52795e+07,,Surface,38,Image 1,1,28765,
6.31462e+07,,Surface,38,Image 1,1,28766,
8.44613e+07,,Surface,38,Image 1,1,28767,
3.40765e+07,,Surface,38,Image 1,1,28768,
1.25724e+08,,Surface,38,Image 1,1,28769,
2.62443e+07,,Surface,38,Image 1,1,28770,
6.63311e+07,,Surface,38,Image 1,1,28771,
1.83119e+07,,Surface,38,Image 1,1,28772,
8.8651e+06,,Surface,38,Image 1,1,28773,
4.23719e+07,,Surface,38,Image 1,1,28774,
6.33809e+07,,Surface,38,Image 1,1,28775,
3.47674e+07,,Surface,38,Image 1,1,28776,
4.81792e+07,,Surface,38,Image 1,1,28777,
3.70717e+07,,Surface,38,Image 1,1,28781,
8.33554e+07,,Surface,38,Image 1,1,28783,
2.35822e+07,,Surface,38,Image 1,1,28784,
7.22648e+07,,Surface,38,Image 1,1,28785,
5.70922e+07,,Surface,38,Image 1,1,28786,
1.06256e+08,,Surface,38,Image 1,1,28787,
6.83311e+07,,Surface,38,Image 1,1,28788,
7.2877e+07,,Surface,38,Image 1,1,28789,
1.24202e+07,,Surface,38,Image 1,1,28790,
3.15284e+07,,Surface,38,Image 1,1,28791,
1.69437e+07,,Surface,38,Image 1,1,28792,
5.02018e+07,,Surface,38,Image 1,1,28795,
3.34251e+06,,Surface,38,Image 1,1,28796,
2.30846e+07,,Surface,38,Image 1,1,28797,
5.06442e+07,,Surface,38,Image 1,1,28798,
1.87403e+07,,Surface,38,Image 1,1,28799,
1.69977e+07,,Surface,38,Image 1,1,28800,
8.82359e+07,,Surface,38,Image 1,1,28801,
6.77496e+07,,Surface,38,Image 1,1,28802,
4.60774e+07,,Surface,38,Image 1,1,28803,
5.28003e+07,,Surface,38,Image 1,1,28804,
1.60677e+07,,Surface,38,Image 1,1,28805,
8.74706e+07,,Surface,38,Image 1,1,28806,
1.68372e+07,,Surface,38,Image 1,1,28807,
1.45649e+07,,Surface,38,Image 1,1,28808,
3.35979e+07,,Surface,38,Image 1,1,28810,
1.38158e+07,,Surface,38,Image 1,1,28812,
1.2148e+08,,Surface,38,Image 1,1,28813,
4.92412e+07,,Surface,38,Image 1,1,28814,
4.31657e+07,,Surface,38,Image 1,1,28815,
4.71384e+07,,Surface,38,Image 1,1,28816,
1.00605e+07,,Surface,38,Image 1,1,28817,
5.79713e+06,,Surface,38,Image 1,1,28818,
2.62933e+07,,Surface,38,Image 1,1,28819,
2.93015e+07,,Surface,38,Image 1,1,28820,
5.93861e+07,,Surface,38,Image 1,1,28821,
1.28168e+07,,Surface,38,Image 1,1,28822,
1.88291e+08,,Surface,38,Image 1,1,28823,
1.73372e+07,,Surface,38,Image 1,1,28824,
5.21432e+07,,Surface,38,Image 1,1,28825,
4.11627e+06,,Surface,38,Image 1,1,28826,
3.32637e+07,,Surface,38,Image 1,1,28827,
2.7263e+07,,Surface,38,Image 1,1,28830,
3.88144e+07,,Surface,38,Image 1,1,28831,
4.36152e+07,,Surface,38,Image 1,1,28832,
1.59672e+07,,Surface,38,Image 1,1,28833,
6.84403e+06,,Surface,38,Image 1,1,28834,
3.44384e+07,,Surface,38,Image 1,1,28835,
5.63213e+07,,Surface,38,Image 1,1,28837,
3.23574e+07,,Surface,38,Image 1,1,28838,
7.77091e+06,,Surface,38,Image 1,1,28839,
7.97309e+07,,Surface,38,Image 1,1,28840,
5.55676e+06,,Surface,38,Image 1,1,28843,
5.12312e+07,,Surface,38,Image 1,1,28844,
1.4102e+08,,Surface,38,Image 1,1,28846,
4.09619e+07,,Surface,38,Image 1,1,28847,
7.28636e+07,,Surface,38,Image 1,1,28848,
5.97362e+07,,Surface,38,Image 1,1,28849,
3.49068e+07,,Surface,38,Image 1,1,28850,
5.3348e+07,,Surface,38,Image 1,1,28851,
3.57176e+07,,Surface,38,Image 1,1,28852,
2.57556e+07,,Surface,38,Image 1,1,28853,
1.07926e+07,,Surface,38,Image 1,1,28854,
1.8608e+07,,Surface,38,Image 1,1,28855,
4.75151e+07,,Surface,38,Image 1,1,28856,
3.17065e+07,,Surface,38,Image 1,1,28857,
1.19716e+08,,Surface,38,Image 1,1,28858,
3.51404e+07,,Surface,38,Image 1,1,28859,
3.69344e+07,,Surface,38,Image 1,1,28860,
2.27758e+08,,Surface,38,Image 1,1,28861,
3.11727e+07,,Surface,38,Image 1,1,28862,
1.17511e+08,,Surface,38,Image 1,1,28863,
3.61327e+06,,Surface,38,Image 1,1,28864,
4.68848e+07,,Surface,38,Image 1,1,28865,
3.25102e+07,,Surface,38,Image 1,1,28866,
1.17341e+08,,Surface,38,Image 1,1,28867,
7.88544e+06,,Surface,38,Image 1,1,28869,
3.45169e+07,,Surface,38,Image 1,1,28870,
5.67399e+07,,Surface,38,Image 1,1,28871,
4.91018e+06,,Surface,38,Image 1,1,28872,
1.48611e+07,,Surface,38,Image 1,1,28873,
9.62267e+07,,Surface,38,Image 1,1,28874,
6.02584e+07,,Surface,38,Image 1,1,28875,
1.67287e+07,,Surface,38,Image 1,1,28876,
1.34885e+07,,Surface,38,Image 1,1,28877,
2.8698e+07,,Surface,38,Image 1,1,28878,
5.89433e+06,,Surface,38,Image 1,1,28879,
1.60854e+07,,Surface,38,Image 1,1,28880,
4.50101e+07,,Surface,38,Image 1,1,28881,
8.63941e+07,,Surface,38,Image 1,1,28882,
1.70431e+08,,Surface,38,Image 1,1,28883,
1.93437e+07,,Surface,38,Image 1,1,28884,
2.07902e+07,,Surface,38,Image 1,1,28885,
2.76571e+07,,Surface,38,Image 1,1,28886,
1.10433e+08,,Surface,38,Image 1,1,28887,
3.86862e+07,,Surface,38,Image 1,1,28888,
2.41038e+08,,Surface,38,Image 1,1,28889,
4.00497e+07,,Surface,38,Image 1,1,28890,
1.02721e+07,,Surface,38,Image 1,1,28891,
1.09038e+08,,Surface,38,Image 1,1,28892,
1.17868e+07,,Surface,38,Image 1,1,28893,
2.5717e+08,,Surface,38,Image 1,1,28894,
9.67374e+06,,Surface,38,Image 1,1,28895,
4.08693e+07,,Surface,38,Image 1,1,28896,
4.69797e+07,,Surface,38,Image 1,1,28897,
2.23642e+07,,Surface,38,Image 1,1,28899,
1.00851e+08,,Surface,38,Image 1,1,28900,
1.36208e+07,,Surface,38,Image 1,1,28901,
1.35254e+07,,Surface,38,Image 1,1,28902,
5.50775e+07,,Surface,38,Image 1,1,28903,
1.10865e+08,,Surface,38,Image 1,1,28904,
6.36553e+07,,Surface,38,Image 1,1,28905,
6.92813e+06,,Surface,38,Image 1,1,28906,
1.57812e+07,,Surface,38,Image 1,1,28907,
7.6087e+07,,Surface,38,Image 1,1,28908,
3.09229e+07,,Surface,38,Image 1,1,28909,
8.92772e+07,,Surface,38,Image 1,1,28910,
3.4144e+07,,Surface,38,Image 1,1,28911,
1.31131e+08,,Surface,38,Image 1,1,28912,
7.91996e+07,,Surface,38,Image 1,1,28913,
8.1752e+06,,Surface,38,Image 1,1,28915,
3.2574e+07,,Surface,38,Image 1,1,28916,
8.63845e+07,,Surface,38,Image 1,1,28917,
4.67225e+07,,Surface,38,Image 1,1,28918,
4.51759e+07,,Surface,38,Image 1,1,28919,
2.59384e+07,,Surface,38,Image 1,1,28920,
1.06023e+07,,Surface,38,Image 1,1,28921,
3.98643e+07,,Surface,38,Image 1,1,28922,
1.59611e+07,,Surface,38,Image 1,1,28923,
2.53257e+07,,Surface,38,Image 1,1,28924,
2.60247e+07,,Surface,38,Image 1,1,28926,
2.67787e+07,,Surface,38,Image 1,1,28927,
4.58057e+07,,Surface,38,Image 1,1,28928,
1.05649e+07,,Surface,38,Image 1,1,28929,
2.59367e+07,,Surface,38,Image 1,1,28930,
5.27471e+07,,Surface,38,Image 1,1,28931,
4.60107e+07,,Surface,38,Image 1,1,28932,
2.21234e+07,,Surface,38,Image 1,1,28933,
7.7303e+07,,Surface,38,Image 1,1,28934,
6.31659e+07,,Surface,38,Image 1,1,28935,
1.02465e+08,,Surface,38,Image 1,1,28937,
2.28729e+08,,Surface,38,Image 1,1,28938,
5.77595e+07,,Surface,38,Image 1,1,28939,
2.0285e+07,,Surface,38,Image 1,1,28940,
3.33452e+07,,Surface,38,Image 1,1,28941,
2.39851e+07,,Surface,38,Image 1,1,28942,
1.77976e+07,,Surface,38,Image 1,1,28943,
2.98977e+07,,Surface,38,Image 1,1,28944,
6.91979e+06,,Surface,38,Image 1,1,28945,
5.10516e+07,,Surface,38,Image 1,1,28946,
2.04539e+07,,Surface,38,Image 1,1,28947,
2.75807e+07,,Surface,38,Image 1,1,28948,
2.29401e+07,,Surface,38,Image 1,1,28949,
3.52171e+07,,Surface,38,Image 1,1,28950,
1.67497e+07,,Surface,38,Image 1,1,28952,
1.47693e+07,,Surface,38,Image 1,1,28954,
2.39788e+07,,Surface,38,Image 1,1,28956,
4.18537e+07,,Surface,38,Image 1,1,28957,
6.50912e+07,,Surface,38,Image 1,1,28958,
1.95639e+07,,Surface,38,Image 1,1,28959,
6.3775e+07,,Surface,38,Image 1,1,28960,
2.27493e+07,,Surface,38,Image 1,1,28961,
1.15325e+08,,Surface,38,Image 1,1,28962,
5.35139e+07,,Surface,38,Image 1,1,28963,
8.89814e+07,,Surface,38,Image 1,1,28964,
5.03687e+07,,Surface,38,Image 1,1,28965,
1.92584e+07,,Surface,38,Image 1,1,28966,
4.15087e+07,,Surface,38,Image 1,1,28967,
8.82221e+07,,Surface,38,Image 1,1,28968,
2.00436e+07,,Surface,38,Image 1,1,28972,
8.8448e+07,,Surface,38,Image 1,1,28973,
1.33715e+08,,Surface,38,Image 1,1,28974,
3.863e+07,,Surface,38,Image 1,1,28975,
4.68381e+07,,Surface,38,Image 1,1,28976,
6.42497e+07,,Surface,38,Image 1,1,28977,
4.62037e+07,,Surface,38,Image 1,1,28978,
1.08859e+07,,Surface,38,Image 1,1,28979,
1.31846e+07,,Surface,38,Image 1,1,28980,
2.53165e+07,,Surface,38,Image 1,1,28982,
7.78501e+07,,Surface,38,Image 1,1,28983,
4.15909e+07,,Surface,38,Image 1,1,28984,
2.97392e+06,,Surface,38,Image 1,1,28985,
1.88698e+07,,Surface,38,Image 1,1,28986,
4.16649e+07,,Surface,38,Image 1,1,28987,
7.74757e+07,,Surface,38,Image 1,1,28988,
1.14613e+07,,Surface,38,Image 1,1,28989,
2.96067e+07,,Surface,38,Image 1,1,28990,
6.85679e+07,,Surface,38,Image 1,1,28991,
2.22901e+07,,Surface,38,Image 1,1,28992,
9.60691e+07,,Surface,38,Image 1,1,28993,
1.0134e+08,,Surface,38,Image 1,1,28995,
4.62453e+07,,Surface,38,Image 1,1,28999,
4.30435e+07,,Surface,38,Image 1,1,29000,
6.50589e+07,,Surface,38,Image 1,1,29001,
4.26497e+07,,Surface,38,Image 1,1,29002,
4.08567e+07,,Surface,38,Image 1,1,29003,
2.40893e+07,,Surface,38,Image 1,1,29004,
3.50355e+07,,Surface,38,Image 1,1,29005,
2.76716e+06,,Surface,38,Image 1,1,29006,
7.11474e+07,,Surface,38,Image 1,1,29007,
8.23917e+07,,Surface,38,Image 1,1,29008,
2.03856e+07,,Surface,38,Image 1,1,29009,
1.84445e+07,,Surface,38,Image 1,1,29010,
6.82877e+07,,Surface,38,Image 1,1,29011,
4.5029e+07,,Surface,38,Image 1,1,29012,
622554,,Surface,38,Image 1,1,29013,
5.16821e+07,,Surface,38,Image 1,1,29014,
2.72256e+07,,Surface,38,Image 1,1,29016,
3.16725e+07,,Surface,38,Image 1,1,29017,
7.35741e+07,,Surface,38,Image 1,1,29018,
1.70639e+07,,Surface,38,Image 1,1,29019,
5.23563e+06,,Surface,38,Image 1,1,29020,
3.49047e+07,,Surface,38,Image 1,1,29021,
4.38306e+07,,Surface,38,Image 1,1,29022,
2.24784e+07,,Surface,38,Image 1,1,29023,
1.9845e+07,,Surface,38,Image 1,1,29024,
3.23511e+07,,Surface,38,Image 1,1,29025,
4.36808e+07,,Surface,38,Image 1,1,29026,
1.01671e+08,,Surface,38,Image 1,1,29027,
4.88984e+07,,Surface,38,Image 1,1,29028,
8.09074e+07,,Surface,38,Image 1,1,29029,
7.03346e+07,,Surface,38,Image 1,1,29031,
4.30921e+07,,Surface,38,Image 1,1,29032,
2.84182e+07,,Surface,38,Image 1,1,29033,
1.78241e+07,,Surface,38,Image 1,1,29034,
2.39903e+07,,Surface,38,Image 1,1,29035,
3.23619e+07,,Surface,38,Image 1,1,29036,
4.26452e+07,,Surface,38,Image 1,1,29037,
6.4013e+07,,Surface,38,Image 1,1,29038,
2.21035e+07,,Surface,38,Image 1,1,29040,
3.96676e+07,,Surface,38,Image 1,1,29042,
3.35998e+07,,Surface,38,Image 1,1,29043,
3.22615e+07,,Surface,38,Image 1,1,29044,
2.64321e+07,,Surface,38,Image 1,1,29046,
2.37309e+07,,Surface,38,Image 1,1,29047,
1.06943e+08,,Surface,38,Image 1,1,29048,
3.27864e+07,,Surface,38,Image 1,1,29049,
1.17923e+07,,Surface,38,Image 1,1,29050,
3.98805e+07,,Surface,38,Image 1,1,29051,
1.85509e+07,,Surface,38,Image 1,1,29052,
3.62312e+07,,Surface,38,Image 1,1,29053,
6.49527e+07,,Surface,38,Image 1,1,29054,
7.48547e+07,,Surface,38,Image 1,1,29055,
2.43415e+08,,Surface,38,Image 1,1,29056,
1.57755e+08,,Surface,38,Image 1,1,29057,
2.83433e+07,,Surface,38,Image 1,1,29058,
5.32848e+06,,Surface,38,Image 1,1,29059,
1.89266e+08,,Surface,38,Image 1,1,29060,
2.26811e+08,,Surface,38,Image 1,1,29061,
4.97235e+07,,Surface,38,Image 1,1,29062,
1.37514e+08,,Surface,38,Image 1,1,29063,
1.33776e+07,,Surface,38,Image 1,1,29064,
1.47593e+08,,Surface,38,Image 1,1,29065,
9.32982e+07,,Surface,38,Image 1,1,29067,
7.26427e+07,,Surface,38,Image 1,1,29068,
5.26443e+07,,Surface,38,Image 1,1,29069,
1.07471e+08,,Surface,38,Image 1,1,29070,
8.94697e+07,,Surface,38,Image 1,1,29071,
8.24712e+07,,Surface,38,Image 1,1,29072,
1.13688e+07,,Surface,38,Image 1,1,29073,
2.53818e+07,,Surface,38,Image 1,1,29074,
6.26393e+07,,Surface,38,Image 1,1,29075,
5.17988e+06,,Surface,38,Image 1,1,29076,
8.31116e+06,,Surface,38,Image 1,1,29077,
8.66044e+06,,Surface,38,Image 1,1,29078,
3.10587e+07,,Surface,38,Image 1,1,29079,
2.67202e+07,,Surface,38,Image 1,1,29080,
2.87429e+07,,Surface,38,Image 1,1,29081,
4.39802e+07,,Surface,38,Image 1,1,29082,
1.24894e+07,,Surface,38,Image 1,1,29083,
1.35523e+07,,Surface,38,Image 1,1,29084,
5.63564e+07,,Surface,38,Image 1,1,29085,
5.54846e+07,,Surface,38,Image 1,1,29086,
1.97822e+07,,Surface,38,Image 1,1,29087,
7.87375e+06,,Surface,38,Image 1,1,29088,
1.10893e+08,,Surface,38,Image 1,1,29089,
1.5066e+08,,Surface,38,Image 1,1,29090,
1.24108e+08,,Surface,38,Image 1,1,29091,
1.53121e+08,,Surface,38,Image 1,1,29092,
6.90758e+07,,Surface,38,Image 1,1,29093,
2.81039e+07,,Surface,38,Image 1,1,29094,
1.43745e+07,,Surface,38,Image 1,1,29095,
4.73097e+06,,Surface,38,Image 1,1,29096,
3.73142e+07,,Surface,38,Image 1,1,29097,
4.5028e+07,,Surface,38,Image 1,1,29098,
8.79603e+07,,Surface,38,Image 1,1,29099,
6.61425e+07,,Surface,38,Image 1,1,29100,
3.74627e+07,,Surface,38,Image 1,1,29101,
5.97064e+07,,Surface,38,Image 1,1,29102,
4.30846e+07,,Surface,38,Image 1,1,29103,
4.11512e+07,,Surface,38,Image 1,1,29104,
3.33675e+07,,Surface,38,Image 1,1,29105,
1.28896e+07,,Surface,38,Image 1,1,29106,
2.78152e+07,,Surface,38,Image 1,1,29107,
6.34779e+07,,Surface,38,Image 1,1,29108,
1.91357e+07,,Surface,38,Image 1,1,29109,
1.81791e+08,,Surface,38,Image 1,1,29110,
1.3118e+07,,Surface,38,Image 1,1,29111,
4.29134e+07,,Surface,38,Image 1,1,29112,
4.80834e+07,,Surface,38,Image 1,1,29113,
4.1849e+07,,Surface,38,Image 1,1,29114,
3.0974e+07,,Surface,38,Image 1,1,29115,
7.30538e+07,,Surface,38,Image 1,1,29116,
2.4298e+07,,Surface,38,Image 1,1,29117,
1.16223e+07,,Surface,38,Image 1,1,29118,
3.85353e+07,,Surface,38,Image 1,1,29119,
9.27224e+06,,Surface,38,Image 1,1,29120,
6.65379e+07,,Surface,38,Image 1,1,29121,
4.68334e+07,,Surface,38,Image 1,1,29122,
5.88517e+07,,Surface,38,Image 1,1,29123,
8.6186e+07,,Surface,38,Image 1,1,29124,
4.90604e+06,,Surface,38,Image 1,1,29125,
2.01427e+07,,Surface,38,Image 1,1,29126,
4.84271e+07,,Surface,38,Image 1,1,29127,
2.10144e+07,,Surface,38,Image 1,1,29128,
3.86645e+07,,Surface,38,Image 1,1,29129,
4.28843e+07,,Surface,38,Image 1,1,29130,
2.67867e+07,,Surface,38,Image 1,1,29131,
4.8635e+07,,Surface,38,Image 1,1,29132,
3.26317e+07,,Surface,38,Image 1,1,29133,
2.68422e+07,,Surface,38,Image 1,1,29134,
6.79679e+07,,Surface,38,Image 1,1,29135,
5.28416e+07,,Surface,38,Image 1,1,29136,
1.62771e+07,,Surface,38,Image 1,1,29137,
1.01365e+08,,Surface,38,Image 1,1,29138,
7.20261e+07,,Surface,38,Image 1,1,29139,
5.44053e+07,,Surface,38,Image 1,1,29140,
5.58951e+07,,Surface,38,Image 1,1,29141,
5.02875e+07,,Surface,38,Image 1,1,29142,
1.70447e+07,,Surface,38,Image 1,1,29143,
3.02609e+07,,Surface,38,Image 1,1,29144,
7.2578e+07,,Surface,38,Image 1,1,29145,
3.18835e+07,,Surface,38,Image 1,1,29146,
3.9218e+07,,Surface,38,Image 1,1,29147,
7.27085e+07,,Surface,38,Image 1,1,29148,
1.6673e+08,,Surface,38,Image 1,1,29149,
3.91383e+07,,Surface,38,Image 1,1,29150,
9.42524e+07,,Surface,38,Image 1,1,29151,
1.76784e+07,,Surface,38,Image 1,1,29152,
1.31152e+07,,Surface,38,Image 1,1,29153,
9.70872e+07,,Surface,38,Image 1,1,29154,
1.80459e+07,,Surface,38,Image 1,1,29155,
5.89938e+07,,Surface,38,Image 1,1,29156,
6.53191e+07,,Surface,38,Image 1,1,29157,
1.7809e+07,,Surface,38,Image 1,1,29158,
5.74996e+06,,Surface,38,Image 1,1,29159,
3.53114e+07,,Surface,38,Image 1,1,29160,
3.49274e+07,,Surface,38,Image 1,1,29161,
3.02555e+07,,Surface,38,Image 1,1,29162,
3.18321e+07,,Surface,38,Image 1,1,29163,
2.00803e+07,,Surface,38,Image 1,1,29164,
2.92843e+07,,Surface,38,Image 1,1,29165,
6.88689e+07,,Surface,38,Image 1,1,29166,
5.29656e+07,,Surface,38,Image 1,1,29167,
3.99042e+07,,Surface,38,Image 1,1,29168,
3.199e+07,,Surface,38,Image 1,1,29169,
3.82415e+07,,Surface,38,Image 1,1,29170,
4.45042e+07,,Surface,38,Image 1,1,29171,
7.2299e+07,,Surface,38,Image 1,1,29172,
5.21884e+07,,Surface,38,Image 1,1,29173,
4.61232e+07,,Surface,38,Image 1,1,29174,
4.65246e+06,,Surface,38,Image 1,1,29175,
2.90741e+07,,Surface,38,Image 1,1,29176,
3.33328e+07,,Surface,38,Image 1,1,29177,
2.77125e+07,,Surface,38,Image 1,1,29178,
1.05189e+07,,Surface,38,Image 1,1,29179,
3.69935e+07,,Surface,38,Image 1,1,29180,
3.11268e+07,,Surface,38,Image 1,1,29181,
7.87752e+06,,Surface,38,Image 1,1,29182,
2.33588e+07,,Surface,38,Image 1,1,29183,
4.63112e+07,,Surface,38,Image 1,1,29184,
1.25231e+07,,Surface,38,Image 1,1,29185,
1.73047e+07,,Surface,38,Image 1,1,29186,
4.07617e+07,,Surface,38,Image 1,1,29187,
5.23384e+07,,Surface,38,Image 1,1,29188,
3.90566e+07,,Surface,38,Image 1,1,29189,
3.12969e+07,,Surface,38,Image 1,1,29190,
3.19281e+08,,Surface,38,Image 1,1,29192,
1.29185e+07,,Surface,38,Image 1,1,29193,
1.30748e+07,,Surface,38,Image 1,1,29194,
4.46829e+07,,Surface,38,Image 1,1,29195,
1.89019e+07,,Surface,38,Image 1,1,29196,
8.89404e+07,,Surface,38,Image 1,1,29197,
1.98494e+07,,Surface,38,Image 1,1,29198,
3.48367e+07,,Surface,38,Image 1,1,29199,
1.95364e+07,,Surface,38,Image 1,1,29200,
5.75632e+07,,Surface,38,Image 1,1,29201,
1.47788e+07,,Surface,38,Image 1,1,29203,
7.01035e+06,,Surface,38,Image 1,1,29204,
3.35741e+07,,Surface,38,Image 1,1,29205,
1.11264e+07,,Surface,38,Image 1,1,29206,
1.77978e+07,,Surface,38,Image 1,1,29207,
1.41884e+07,,Surface,38,Image 1,1,29208,
3.82391e+07,,Surface,38,Image 1,1,29209,
3.01766e+07,,Surface,38,Image 1,1,29210,
2.29385e+07,,Surface,38,Image 1,1,29211,
6.84116e+07,,Surface,38,Image 1,1,29212,
1.48848e+07,,Surface,38,Image 1,1,29213,
1.37436e+07,,Surface,38,Image 1,1,29215,
7.90766e+07,,Surface,38,Image 1,1,29217,
3.78371e+07,,Surface,38,Image 1,1,29218,
8.23698e+07,,Surface,38,Image 1,1,29219,
8.20536e+06,,Surface,38,Image 1,1,29220,
3.06526e+07,,Surface,38,Image 1,1,29221,
1.18322e+08,,Surface,38,Image 1,1,29222,
6.74293e+07,,Surface,38,Image 1,1,29223,
1.44331e+07,,Surface,38,Image 1,1,29224,
1.54731e+07,,Surface,38,Image 1,1,29225,
1.68371e+07,,Surface,38,Image 1,1,29226,
4.23826e+07,,Surface,38,Image 1,1,29228,
5.12055e+06,,Surface,38,Image 1,1,29229,
4.68233e+07,,Surface,38,Image 1,1,29230,
7.58089e+07,,Surface,38,Image 1,1,29231,
5.40368e+07,,Surface,38,Image 1,1,29232,
2.46767e+07,,Surface,38,Image 1,1,29233,
3.82743e+07,,Surface,38,Image 1,1,29234,
9.30463e+07,,Surface,38,Image 1,1,29235,
1.7291e+08,,Surface,38,Image 1,1,29236,
2.98074e+07,,Surface,38,Image 1,1,29237,
4.56546e+07,,Surface,38,Image 1,1,29238,
6.2101e+07,,Surface,38,Image 1,1,29239,
8.85082e+07,,Surface,38,Image 1,1,29241,
1.78449e+07,,Surface,38,Image 1,1,29242,
5.42012e+07,,Surface,38,Image 1,1,29243,
1.93687e+07,,Surface,38,Image 1,1,29244,
8.76978e+07,,Surface,38,Image 1,1,29245,
7.08764e+07,,Surface,38,Image 1,1,29246,
2.16614e+07,,Surface,38,Image 1,1,29247,
5.85878e+07,,Surface,38,Image 1,1,29249,
7.86384e+07,,Surface,38,Image 1,1,29250,
1.85008e+07,,Surface,38,Image 1,1,29251,
6.93291e+06,,Surface,38,Image 1,1,29252,
6.49635e+07,,Surface,38,Image 1,1,29253,
4.71681e+07,,Surface,38,Image 1,1,29254,
6.74039e+07,,Surface,38,Image 1,1,29255,
3.66071e+07,,Surface,38,Image 1,1,29256,
6.13286e+06,,Surface,38,Image 1,1,29257,
6.40911e+07,,Surface,38,Image 1,1,29258,
2.74521e+07,,Surface,38,Image 1,1,29259,
3.83934e+07,,Surface,38,Image 1,1,29261,
6.88058e+07,,Surface,38,Image 1,1,29262,
5.50233e+07,,Surface,38,Image 1,1,29263,
5.43966e+07,,Surface,38,Image 1,1,29264,
5.81122e+07,,Surface,38,Image 1,1,29265,
4.72671e+07,,Surface,38,Image 1,1,29266,
1.80887e+07,,Surface,38,Image 1,1,29267,
3.83391e+07,,Surface,38,Image 1,1,29268,
2.84393e+07,,Surface,38,Image 1,1,29269,
1.37977e+07,,Surface,38,Image 1,1,29270,
2.22067e+07,,Surface,38,Image 1,1,29271,
4.18307e+07,,Surface,38,Image 1,1,29272,
4.36445e+07,,Surface,38,Image 1,1,29273,
1.74085e+08,,Surface,38,Image 1,1,29274,
9.34168e+06,,Surface,38,Image 1,1,29276,
5.48168e+06,,Surface,38,Image 1,1,29277,
2.94496e+07,,Surface,38,Image 1,1,29278,
3.729e+07,,Surface,38,Image 1,1,29279,
1.5131e+07,,Surface,38,Image 1,1,29280,
7.44534e+07,,Surface,38,Image 1,1,29281,
5.78313e+07,,Surface,38,Image 1,1,29282,
2.55166e+07,,Surface,38,Image 1,1,29283,
2.96469e+07,,Surface,38,Image 1,1,29284,
2.36103e+07,,Surface,38,Image 1,1,29285,
3.91646e+07,,Surface,38,Image 1,1,29286,
1.63255e+08,,Surface,38,Image 1,1,29287,
4.14503e+07,,Surface,38,Image 1,1,29288,
3.48856e+08,,Surface,38,Image 1,1,29289,
7.08693e+07,,Surface,38,Image 1,1,29290,
3.58724e+07,,Surface,38,Image 1,1,29291,
2.86665e+07,,Surface,38,Image 1,1,29292,
2.0679e+07,,Surface,38,Image 1,1,29293,
2.7656e+07,,Surface,38,Image 1,1,29294,
6.97894e+06,,Surface,38,Image 1,1,29295,
1.80442e+07,,Surface,38,Image 1,1,29296,
4.18834e+07,,Surface,38,Image 1,1,29297,
3.71392e+07,,Surface,38,Image 1,1,29298,
3.80467e+07,,Surface,38,Image 1,1,29299,
7.14914e+07,,Surface,38,Image 1,1,29300,
1.37135e+07,,Surface,38,Image 1,1,29301,
2.05339e+07,,Surface,38,Image 1,1,29302,
6.08903e+06,,Surface,38,Image 1,1,29303,
4.44782e+06,,Surface,38,Image 1,1,29304,
6.4967e+07,,Surface,38,Image 1,1,29305,
1.48447e+07,,Surface,38,Image 1,1,29306,
2.53629e+07,,Surface,38,Image 1,1,29307,
2.7709e+07,,Surface,38,Image 1,1,29308,
1.40086e+07,,Surface,38,Image 1,1,29309,
4.07543e+07,,Surface,38,Image 1,1,29310,
9.66263e+06,,Surface,38,Image 1,1,29311,
2.32069e+07,,Surface,38,Image 1,1,29312,
3.29772e+07,,Surface,38,Image 1,1,29313,
5.46844e+07,,Surface,38,Image 1,1,29314,
4.70138e+07,,Surface,38,Image 1,1,29315,
2.22617e+07,,Surface,38,Image 1,1,29316,
7.64509e+07,,Surface,38,Image 1,1,29317,
2.67167e+07,,Surface,38,Image 1,1,29318,
5.76246e+07,,Surface,38,Image 1,1,29319,
9.92433e+07,,Surface,38,Image 1,1,29320,
3.24928e+07,,Surface,38,Image 1,1,29321,
3.34522e+07,,Surface,38,Image 1,1,29322,
4.35573e+07,,Surface,38,Image 1,1,29323,
4.69087e+07,,Surface,38,Image 1,1,29325,
1.44137e+07,,Surface,38,Image 1,1,29326,
4.06325e+07,,Surface,38,Image 1,1,29327,
9.39772e+07,,Surface,38,Image 1,1,29328,
2.24837e+07,,Surface,38,Image 1,1,29329,
1.31871e+08,,Surface,38,Image 1,1,29330,
1.08111e+08,,Surface,38,Image 1,1,29331,
2.09239e+08,,Surface,38,Image 1,1,29332,
2.28489e+07,,Surface,38,Image 1,1,29333,
4.19853e+07,,Surface,38,Image 1,1,29334,
5.23863e+07,,Surface,38,Image 1,1,29335,
5.24525e+07,,Surface,38,Image 1,1,29336,
1.41108e+07,,Surface,38,Image 1,1,29337,
4.69966e+07,,Surface,38,Image 1,1,29338,
2.82826e+07,,Surface,38,Image 1,1,29339,
1.66566e+07,,Surface,38,Image 1,1,29340,
6.37167e+07,,Surface,38,Image 1,1,29342,
4.90309e+07,,Surface,38,Image 1,1,29343,
1.51873e+07,,Surface,38,Image 1,1,29345,
1.55308e+08,,Surface,38,Image 1,1,29346,
3.4578e+07,,Surface,38,Image 1,1,29347,
2.8001e+07,,Surface,38,Image 1,1,29348,
2.46352e+07,,Surface,38,Image 1,1,29349,
1.31991e+07,,Surface,38,Image 1,1,29350,
2.86147e+06,,Surface,38,Image 1,1,29351,
5.32156e+07,,Surface,38,Image 1,1,29352,
7.24928e+07,,Surface,38,Image 1,1,29353,
9.58339e+07,,Surface,38,Image 1,1,29354,
2.12099e+07,,Surface,38,Image 1,1,29355,
6.05649e+07,,Surface,38,Image 1,1,29356,
2.63913e+08,,Surface,38,Image 1,1,29357,
8.04277e+07,,Surface,38,Image 1,1,29358,
3.9819e+07,,Surface,38,Image 1,1,29360,
5.61574e+07,,Surface,38,Image 1,1,29361,
5.68503e+07,,Surface,38,Image 1,1,29362,
3.81673e+08,,Surface,38,Image 1,1,29363,
4.34228e+07,,Surface,38,Image 1,1,29364,
6.73916e+07,,Surface,38,Image 1,1,29366,
3.27647e+07,,Surface,38,Image 1,1,29367,
8.51264e+07,,Surface,38,Image 1,1,29368,
9.16912e+07,,Surface,38,Image 1,1,29369,
6.47354e+07,,Surface,38,Image 1,1,29370,
1.25876e+08,,Surface,38,Image 1,1,29371,
1.8851e+07,,Surface,38,Image 1,1,29373,
2.22186e+07,,Surface,38,Image 1,1,29374,
7.78754e+07,,Surface,38,Image 1,1,29375,
3.66702e+07,,Surface,38,Image 1,1,29376,
5.61307e+07,,Surface,38,Image 1,1,29377,
2.54221e+07,,Surface,38,Image 1,1,29379,
4.17173e+07,,Surface,38,Image 1,1,29380,
9.62695e+07,,Surface,38,Image 1,1,29381,
5.9087e+07,,Surface,38,Image 1,1,29382,
1.27743e+07,,Surface,38,Image 1,1,29383,
2.20462e+07,,Surface,38,Image 1,1,29384,
2.39434e+07,,Surface,38,Image 1,1,29386,
1.00862e+08,,Surface,38,Image 1,1,29387,
3.0592e+07,,Surface,38,Image 1,1,29388,
1.08582e+07,,Surface,38,Image 1,1,29389,
6.07264e+07,,Surface,38,Image 1,1,29390,
7.01078e+07,,Surface,38,Image 1,1,29392,
6.27191e+07,,Surface,38,Image 1,1,29393,
5.25611e+07,,Surface,38,Image 1,1,29394,
3.8047e+07,,Surface,38,Image 1,1,29395,
3.80467e+07,,Surface,38,Image 1,1,29396,
5.99948e+07,,Surface,38,Image 1,1,29397,
3.47803e+07,,Surface,38,Image 1,1,29398,
5.31183e+07,,Surface,38,Image 1,1,29399,
1.58155e+07,,Surface,38,Image 1,1,29401,
6.26852e+07,,Surface,38,Image 1,1,29402,
4.11838e+07,,Surface,38,Image 1,1,29403,
1.25666e+07,,Surface,38,Image 1,1,29404,
5.43812e+07,,Surface,38,Image 1,1,29405,
1.23661e+08,,Surface,38,Image 1,1,29406,
6.90917e+07,,Surface,38,Image 1,1,29407,
1.39987e+08,,Surface,38,Image 1,1,29408,
1.36543e+07,,Surface,38,Image 1,1,29409,
7.84454e+06,,Surface,38,Image 1,1,29410,
3.8234e+07,,Surface,38,Image 1,1,29411,
2.29454e+07,,Surface,38,Image 1,1,29412,
1.22445e+07,,Surface,38,Image 1,1,29414,
2.525e+07,,Surface,38,Image 1,1,29415,
2.71445e+07,,Surface,38,Image 1,1,29416,
5.08263e+07,,Surface,38,Image 1,1,29417,
4.37303e+07,,Surface,38,Image 1,1,29418,
1.05005e+07,,Surface,38,Image 1,1,29419,
1.23652e+08,,Surface,38,Image 1,1,29421,
3.68011e+07,,Surface,38,Image 1,1,29422,
3.16091e+07,,Surface,38,Image 1,1,29423,
2.90988e+07,,Surface,38,Image 1,1,29424,
4.67832e+07,,Surface,38,Image 1,1,29425,
5.04612e+06,,Surface,38,Image 1,1,29427,
5.16065e+07,,Surface,38,Image 1,1,29428,
2.13558e+07,,Surface,38,Image 1,1,29429,
4.03032e+07,,Surface,38,Image 1,1,29430,
1.12533e+07,,Surface,38,Image 1,1,29431,
6.04358e+07,,Surface,38,Image 1,1,29432,
4.7463e+07,,Surface,38,Image 1,1,29433,
3.98031e+07,,Surface,38,Image 1,1,29434,
4.88615e+07,,Surface,38,Image 1,1,29435,
1.48028e+07,,Surface,38,Image 1,1,29436,
3.71819e+07,,Surface,38,Image 1,1,29437,
2.82465e+07,,Surface,38,Image 1,1,29438,
1.67054e+08,,Surface,38,Image 1,1,29439,
8.19995e+07,,Surface,38,Image 1,1,29440,
1.88583e+07,,Surface,38,Image 1,1,29441,
5.02581e+07,,Surface,38,Image 1,1,29442,
6.07334e+07,,Surface,38,Image 1,1,29443,
1.85801e+07,,Surface,38,Image 1,1,29444,
2.41737e+07,,Surface,38,Image 1,1,29445,
1.24451e+07,,Surface,38,Image 1,1,29446,
1.54761e+07,,Surface,38,Image 1,1,29447,
1.03741e+07,,Surface,38,Image 1,1,29448,
2.877e+07,,Surface,38,Image 1,1,29449,
1.08264e+08,,Surface,38,Image 1,1,29450,
9.71805e+07,,Surface,38,Image 1,1,29451,
2.251e+07,,Surface,38,Image 1,1,29452,
6.97003e+06,,Surface,38,Image 1,1,29453,
6.75125e+07,,Surface,38,Image 1,1,29455,
3.62317e+06,,Surface,38,Image 1,1,29456,
3.41336e+07,,Surface,38,Image 1,1,29457,
3.59781e+07,,Surface,38,Image 1,1,29458,
4.22784e+07,,Surface,38,Image 1,1,29459,
6.3169e+07,,Surface,38,Image 1,1,29460,
7.72332e+07,,Surface,38,Image 1,1,29461,
2.05319e+07,,Surface,38,Image 1,1,29462,
1.47045e+07,,Surface,38,Image 1,1,29464,
7.7667e+07,,Surface,38,Image 1,1,29465,
4.51851e+07,,Surface,38,Image 1,1,29466,
3.64784e+07,,Surface,38,Image 1,1,29467,
2.19084e+08,,Surface,38,Image 1,1,29468,
5.14213e+07,,Surface,38,Image 1,1,29469,
6.50184e+07,,Surface,38,Image 1,1,29471,
1.06235e+07,,Surface,38,Image 1,1,29472,
2.60794e+08,,Surface,38,Image 1,1,29473,
6.79147e+07,,Surface,38,Image 1,1,29475,
4.17642e+07,,Surface,38,Image 1,1,29477,
4.04525e+07,,Surface,38,Image 1,1,29478,
9.23227e+07,,Surface,38,Image 1,1,29479,
1.72088e+07,,Surface,38,Image 1,1,29480,
3.02013e+07,,Surface,38,Image 1,1,29481,
4.5176e+07,,Surface,38,Image 1,1,29482,
3.53709e+07,,Surface,38,Image 1,1,29483,
1.74194e+07,,Surface,38,Image 1,1,29484,
6.28361e+07,,Surface,38,Image 1,1,29485,
2.72616e+06,,Surface,38,Image 1,1,29486,
6.71013e+07,,Surface,38,Image 1,1,29487,
4.14855e+07,,Surface,38,Image 1,1,29488,
5.69586e+06,,Surface,38,Image 1,1,29489,
3.74018e+07,,Surface,38,Image 1,1,29490,
1.06967e+07,,Surface,38,Image 1,1,29492,
5.66059e+07,,Surface,38,Image 1,1,29494,
3.75375e+07,,Surface,38,Image 1,1,29495,
3.27017e+07,,Surface,38,Image 1,1,29496,
1.66774e+08,,Surface,38,Image 1,1,29497,
5.3081e+07,,Surface,38,Image 1,1,29498,
8.28771e+06,,Surface,38,Image 1,1,29499,
3.18976e+07,,Surface,38,Image 1,1,29500,
2.24187e+07,,Surface,38,Image 1,1,29501,
5.7997e+07,,Surface,38,Image 1,1,29502,
6.64842e+06,,Surface,38,Image 1,1,29503,
9.82911e+07,,Surface,38,Image 1,1,29504,
7.03612e+07,,Surface,38,Image 1,1,29505,
4.76342e+07,,Surface,38,Image 1,1,29506,
2.15242e+07,,Surface,38,Image 1,1,29509,
5.05653e+07,,Surface,38,Image 1,1,29510,
1.78067e+07,,Surface,38,Image 1,1,29511,
1.05322e+08,,Surface,38,Image 1,1,29512,
1.99705e+07,,Surface,38,Image 1,1,29514,
7.14345e+07,,Surface,38,Image 1,1,29515,
2.23693e+07,,Surface,38,Image 1,1,29516,
5.22641e+07,,Surface,38,Image 1,1,29518,
3.04548e+07,,Surface,38,Image 1,1,29519,
7.32963e+07,,Surface,38,Image 1,1,29521,
5.98548e+07,,Surface,38,Image 1,1,29522,
3.04396e+07,,Surface,38,Image 1,1,29523,
4.02304e+07,,Surface,38,Image 1,1,29524,
1.18018e+07,,Surface,38,Image 1,1,29525,
1.79898e+07,,Surface,38,Image 1,1,29526,
3.35391e+07,,Surface,38,Image 1,1,29527,
6.6155e+07,,Surface,38,Image 1,1,29528,
3.51384e+07,,Surface,38,Image 1,1,29529,
1.31894e+08,,Surface,38,Image 1,1,29530,
4.16836e+07,,Surface,38,Image 1,1,29531,
2.07843e+07,,Surface,38,Image 1,1,29532,
4.05621e+07,,Surface,38,Image 1,1,29533,
5.91187e+07,,Surface,38,Image 1,1,29534,
1.20675e+07,,Surface,38,Image 1,1,29535,
2.43186e+07,,Surface,38,Image 1,1,29536,
1.10778e+07,,Surface,38,Image 1,1,29537,
8.62125e+07,,Surface,38,Image 1,1,29538,
1.2359e+07,,Surface,38,Image 1,1,29539,
1.0558e+07,,Surface,38,Image 1,1,29540,
1.28485e+07,,Surface,38,Image 1,1,29541,
3.26743e+07,,Surface,38,Image 1,1,29542,
4.8556e+07,,Surface,38,Image 1,1,29543,
3.8805e+07,,Surface,38,Image 1,1,29544,
8.55045e+07,,Surface,38,Image 1,1,29545,
1.80816e+07,,Surface,38,Image 1,1,29546,
4.02127e+07,,Surface,38,Image 1,1,29547,
8.31233e+07,,Surface,38,Image 1,1,29548,
9.38666e+06,,Surface,38,Image 1,1,29549,
3.69438e+07,,Surface,38,Image 1,1,29550,
2.70892e+07,,Surface,38,Image 1,1,29551,
1.71097e+07,,Surface,38,Image 1,1,29552,
1.63446e+07,,Surface,38,Image 1,1,29554,
5.82755e+06,,Surface,38,Image 1,1,29555,
1.87434e+07,,Surface,38,Image 1,1,29556,
1.27684e+07,,Surface,38,Image 1,1,29557,
1.77454e+07,,Surface,38,Image 1,1,29558,
7.73393e+07,,Surface,38,Image 1,1,29559,
1.54783e+08,,Surface,38,Image 1,1,29560,
2.91944e+07,,Surface,38,Image 1,1,29561,
4.47459e+07,,Surface,38,Image 1,1,29562,
4.42103e+07,,Surface,38,Image 1,1,29563,
4.73435e+07,,Surface,38,Image 1,1,29564,
1.8501e+07,,Surface,38,Image 1,1,29565,
2.37222e+07,,Surface,38,Image 1,1,29568,
3.13719e+07,,Surface,38,Image 1,1,29569,
1.12633e+08,,Surface,38,Image 1,1,29570,
1.82747e+08,,Surface,38,Image 1,1,29571,
2.6909e+07,,Surface,38,Image 1,1,29572,
1.52534e+08,,Surface,38,Image 1,1,29573,
2.60654e+08,,Surface,38,Image 1,1,29574,
2.75085e+07,,Surface,38,Image 1,1,29575,
2.25215e+07,,Surface,38,Image 1,1,29576,
1.28997e+07,,Surface,38,Image 1,1,29578,
1.91994e+07,,Surface,38,Image 1,1,29579,
7.29647e+07,,Surface,38,Image 1,1,29580,
4.24055e+07,,Surface,38,Image 1,1,29581,
4.86922e+07,,Surface,38,Image 1,1,29582,
4.44617e+07,,Surface,38,Image 1,1,29583,
3.02496e+07,,Surface,38,Image 1,1,29584,
1.75142e+07,,Surface,38,Image 1,1,29585,
8.86428e+06,,Surface,38,Image 1,1,29586,
1.12683e+08,,Surface,38,Image 1,1,29587,
4.32799e+07,,Surface,38,Image 1,1,29588,
308485,,Surface,38,Image 1,1,29589,
7.86786e+07,,Surface,38,Image 1,1,29591,
1.21294e+08,,Surface,38,Image 1,1,29592,
4.09432e+07,,Surface,38,Image 1,1,29593,
1.65931e+07,,Surface,38,Image 1,1,29594,
2.10869e+07,,Surface,38,Image 1,1,29595,
2.11534e+07,,Surface,38,Image 1,1,29596,
2.78135e+07,,Surface,38,Image 1,1,29597,
2.67022e+07,,Surface,38,Image 1,1,29598,
2.60633e+07,,Surface,38,Image 1,1,29600,
4.26505e+07,,Surface,38,Image 1,1,29601,
1.42783e+07,,Surface,38,Image 1,1,29602,
4.65831e+06,,Surface,38,Image 1,1,29603,
6.52336e+07,,Surface,38,Image 1,1,29604,
2.97555e+07,,Surface,38,Image 1,1,29605,
6.26787e+07,,Surface,38,Image 1,1,29606,
2.25151e+07,,Surface,38,Image 1,1,29607,
5.68707e+07,,Surface,38,Image 1,1,29608,
6.18132e+07,,Surface,38,Image 1,1,29609,
4.38931e+07,,Surface,38,Image 1,1,29610,
1.08747e+08,,Surface,38,Image 1,1,29611,
4.24182e+07,,Surface,38,Image 1,1,29613,
2.16603e+07,,Surface,38,Image 1,1,29615,
5.51181e+06,,Surface,38,Image 1,1,29617,
2.64008e+07,,Surface,38,Image 1,1,29618,
6.77985e+07,,Surface,38,Image 1,1,29619,
2.04925e+07,,Surface,38,Image 1,1,29620,
1.19342e+07,,Surface,38,Image 1,1,29621,
2.00383e+08,,Surface,38,Image 1,1,29622,
1.7264e+07,,Surface,38,Image 1,1,29623,
3.19733e+07,,Surface,38,Image 1,1,29625,
1.80853e+08,,Surface,38,Image 1,1,29626,
1.56408e+07,,Surface,38,Image 1,1,29627,
5.60847e+07,,Surface,38,Image 1,1,29629,
4.24562e+07,,Surface,38,Image 1,1,29630,
8.54881e+07,,Surface,38,Image 1,1,29631,
301587,,Surface,38,Image 1,1,29632,
3.69714e+07,,Surface,38,Image 1,1,29634,
85471,,Surface,38,Image 1,1,29635,
2.12184e+07,,Surface,38,Image 1,1,29636,
6.43998e+07,,Surface,38,Image 1,1,29637,
5.82206e+07,,Surface,38,Image 1,1,29638,
7.41651e+07,,Surface,38,Image 1,1,29639,
1.0142e+08,,Surface,38,Image 1,1,29640,
6.55366e+07,,Surface,38,Image 1,1,29641,
5.78515e+07,,Surface,38,Image 1,1,29642,
2.17696e+07,,Surface,38,Image 1,1,29643,
3.33197e+07,,Surface,38,Image 1,1,29644,
5.2485e+07,,Surface,38,Image 1,1,29645,
1.2429e+07,,Surface,38,Image 1,1,29646,
2.44822e+07,,Surface,38,Image 1,1,29648,
3.47982e+07,,Surface,38,Image 1,1,29649,
5.63465e+07,,Surface,38,Image 1,1,29650,
4.65782e+07,,Surface,38,Image 1,1,29651,
4.16737e+07,,Surface,38,Image 1,1,29653,
3.2956e+07,,Surface,38,Image 1,1,29654,
1.19375e+08,,Surface,38,Image 1,1,29655,
1.74572e+08,,Surface,38,Image 1,1,29656,
1.69913e+07,,Surface,38,Image 1,1,29657,
1.60909e+07,,Surface,38,Image 1,1,29658,
3.23404e+07,,Surface,38,Image 1,1,29659,
4.57587e+06,,Surface,38,Image 1,1,29660,
1.165e+08,,Surface,38,Image 1,1,29661,
2.01542e+07,,Surface,38,Image 1,1,29662,
3.42718e+07,,Surface,38,Image 1,1,29663,
4.54002e+07,,Surface,38,Image 1,1,29664,
3.99261e+07,,Surface,38,Image 1,1,29665,
8.75971e+07,,Surface,38,Image 1,1,29666,
5.36879e+07,,Surface,38,Image 1,1,29667,
2.2674e+07,,Surface,38,Image 1,1,29668,
9.02919e+07,,Surface,38,Image 1,1,29669,
4.65119e+07,,Surface,38,Image 1,1,29670,
6.59905e+07,,Surface,38,Image 1,1,29671,
1.68938e+08,,Surface,38,Image 1,1,29672,
3.29721e+07,,Surface,38,Image 1,1,29674,
6.31289e+07,,Surface,38,Image 1,1,29675,
7.83695e+07,,Surface,38,Image 1,1,29676,
2.91086e+07,,Surface,38,Image 1,1,29677,
3.10383e+07,,Surface,38,Image 1,1,29679,
3.74312e+07,,Surface,38,Image 1,1,29680,
5.62287e+07,,Surface,38,Image 1,1,29681,
5.68146e+07,,Surface,38,Image 1,1,29682,
1.27328e+07,,Surface,38,Image 1,1,29683,
6.08721e+07,,Surface,38,Image 1,1,29684,
3.46286e+07,,Surface,38,Image 1,1,29685,
3.66883e+07,,Surface,38,Image 1,1,29687,
7.67598e+07,,Surface,38,Image 1,1,29688,
4.26896e+07,,Surface,38,Image 1,1,29689,
3.70838e+06,,Surface,38,Image 1,1,29690,
9.21066e+07,,Surface,38,Image 1,1,29691,
8.41548e+06,,Surface,38,Image 1,1,29692,
1.80724e+08,,Surface,38,Image 1,1,29693,
2.01298e+07,,Surface,38,Image 1,1,29694,
6.80799e+06,,Surface,38,Image 1,1,29695,
2.18693e+08,,Surface,38,Image 1,1,29696,
2.94113e+07,,Surface,38,Image 1,1,29697,
4.08907e+07,,Surface,38,Image 1,1,29698,
5.47421e+06,,Surface,38,Image 1,1,29699,
1.86835e+07,,Surface,38,Image 1,1,29700,
2.44153e+07,,Surface,38,Image 1,1,29701,
3.21552e+07,,Surface,38,Image 1,1,29702,
7.99472e+07,,Surface,38,Image 1,1,29703,
2.9277e+07,,Surface,38,Image 1,1,29704,
1.94509e+07,,Surface,38,Image 1,1,29705,
2.11989e+07,,Surface,38,Image 1,1,29706,
2.57976e+07,,Surface,38,Image 1,1,29707,
2.77068e+07,,Surface,38,Image 1,1,29709,
2.36521e+08,,Surface,38,Image 1,1,29710,
5.7578e+06,,Surface,38,Image 1,1,29711,
3.73086e+07,,Surface,38,Image 1,1,29713,
1.3974e+07,,Surface,38,Image 1,1,29714,
2.88873e+07,,Surface,38,Image 1,1,29715,
4.44917e+07,,Surface,38,Image 1,1,29716,
2.2619e+08,,Surface,38,Image 1,1,29717,
9.07665e+07,,Surface,38,Image 1,1,29718,
5.7572e+07,,Surface,38,Image 1,1,29719,
3.59269e+07,,Surface,38,Image 1,1,29720,
4.39328e+07,,Surface,38,Image 1,1,29722,
5.22449e+07,,Surface,38,Image 1,1,29723,
5.44516e+07,,Surface,38,Image 1,1,29724,
1.87145e+07,,Surface,38,Image 1,1,29725,
2.17526e+07,,Surface,38,Image 1,1,29726,
3.18005e+07,,Surface,38,Image 1,1,29727,
1.06536e+08,,Surface,38,Image 1,1,29728,
1.35222e+08,,Surface,38,Image 1,1,29729,
2.08432e+07,,Surface,38,Image 1,1,29730,
1.70469e+07,,Surface,38,Image 1,1,29731,
2.33536e+07,,Surface,38,Image 1,1,29732,
3.07925e+07,,Surface,38,Image 1,1,29733,
1.43144e+07,,Surface,38,Image 1,1,29734,
3.24853e+07,,Surface,38,Image 1,1,29737,
8.26449e+06,,Surface,38,Image 1,1,29738,
5.03147e+07,,Surface,38,Image 1,1,29740,
5.54175e+07,,Surface,38,Image 1,1,29741,
3.83967e+07,,Surface,38,Image 1,1,29742,
2.96682e+07,,Surface,38,Image 1,1,29743,
4.66099e+07,,Surface,38,Image 1,1,29744,
5.29509e+07,,Surface,38,Image 1,1,29745,
8.89203e+07,,Surface,38,Image 1,1,29746,
4.1609e+07,,Surface,38,Image 1,1,29747,
4.52591e+07,,Surface,38,Image 1,1,29748,
7.83867e+07,,Surface,38,Image 1,1,29749,
8.84116e+06,,Surface,38,Image 1,1,29750,
1.40776e+07,,Surface,38,Image 1,1,29751,
1.54385e+08,,Surface,38,Image 1,1,29752,
4.37679e+07,,Surface,38,Image 1,1,29753,
3.57344e+07,,Surface,38,Image 1,1,29754,
2.50909e+06,,Surface,38,Image 1,1,29755,
1.96709e+07,,Surface,38,Image 1,1,29756,
2.2017e+07,,Surface,38,Image 1,1,29757,
4.55188e+07,,Surface,38,Image 1,1,29758,
1.19429e+08,,Surface,38,Image 1,1,29759,
7.45075e+06,,Surface,38,Image 1,1,29760,
3.34136e+07,,Surface,38,Image 1,1,29761,
5.79087e+07,,Surface,38,Image 1,1,29762,
1.24726e+07,,Surface,38,Image 1,1,29764,
3.56321e+07,,Surface,38,Image 1,1,29765,
5.21703e+07,,Surface,38,Image 1,1,29766,
3.78443e+07,,Surface,38,Image 1,1,29769,
6.95404e+06,,Surface,38,Image 1,1,29770,
8.93622e+06,,Surface,38,Image 1,1,29771,
4.9687e+07,,Surface,38,Image 1,1,29772,
2.26815e+07,,Surface,38,Image 1,1,29773,
1.83908e+07,,Surface,38,Image 1,1,29774,
5.31491e+07,,Surface,38,Image 1,1,29775,
6.503e+07,,Surface,38,Image 1,1,29776,
5.15655e+07,,Surface,38,Image 1,1,29777,
1.26968e+07,,Surface,38,Image 1,1,29778,
3.01411e+07,,Surface,38,Image 1,1,29779,
2.90731e+07,,Surface,38,Image 1,1,29781,
1.17609e+07,,Surface,38,Image 1,1,29782,
1.46645e+07,,Surface,38,Image 1,1,29783,
8.18363e+07,,Surface,38,Image 1,1,29784,
3.42942e+07,,Surface,38,Image 1,1,29785,
1.84498e+07,,Surface,38,Image 1,1,29786,
7.4886e+07,,Surface,38,Image 1,1,29787,
9.73549e+06,,Surface,38,Image 1,1,29788,
3.13691e+07,,Surface,38,Image 1,1,29789,
2.64687e+07,,Surface,38,Image 1,1,29790,
2.21596e+07,,Surface,38,Image 1,1,29791,
2.07466e+08,,Surface,38,Image 1,1,29792,
1.58198e+07,,Surface,38,Image 1,1,29793,
9.67856e+07,,Surface,38,Image 1,1,29794,
6.59766e+07,,Surface,38,Image 1,1,29795,
4.7676e+07,,Surface,38,Image 1,1,29796,
7.81656e+07,,Surface,38,Image 1,1,29797,
3.14584e+08,,Surface,38,Image 1,1,29798,
8.55548e+07,,Surface,38,Image 1,1,29799,
9.45659e+06,,Surface,38,Image 1,1,29800,
3.27414e+07,,Surface,38,Image 1,1,29801,
1.42075e+07,,Surface,38,Image 1,1,29802,
3.41811e+07,,Surface,38,Image 1,1,29803,
2.6713e+07,,Surface,38,Image 1,1,29804,
2.27653e+07,,Surface,38,Image 1,1,29805,
4.30053e+06,,Surface,38,Image 1,1,29806,
7.64436e+07,,Surface,38,Image 1,1,29807,
3.47383e+07,,Surface,38,Image 1,1,29808,
7.58341e+07,,Surface,38,Image 1,1,29809,
4.65415e+07,,Surface,38,Image 1,1,29810,
7.29796e+07,,Surface,38,Image 1,1,29811,
2.98647e+07,,Surface,38,Image 1,1,29812,
1.80471e+08,,Surface,38,Image 1,1,29813,
3.23578e+07,,Surface,38,Image 1,1,29814,
4.25178e+07,,Surface,38,Image 1,1,29815,
2.10397e+07,,Surface,38,Image 1,1,29816,
2.74858e+07,,Surface,38,Image 1,1,29817,
1.80559e+07,,Surface,38,Image 1,1,29818,
3.7915e+07,,Surface,38,Image 1,1,29819,
1.71288e+07,,Surface,38,Image 1,1,29820,
3.28849e+08,,Surface,38,Image 1,1,29821,
4.04364e+07,,Surface,38,Image 1,1,29822,
3.85213e+07,,Surface,38,Image 1,1,29823,
3.53133e+07,,Surface,38,Image 1,1,29824,
2.92949e+07,,Surface,38,Image 1,1,29825,
2.4919e+07,,Surface,38,Image 1,1,29826,
4.29938e+07,,Surface,38,Image 1,1,29827,
3.29629e+07,,Surface,38,Image 1,1,29828,
2.36872e+07,,Surface,38,Image 1,1,29829,
1.3733e+07,,Surface,38,Image 1,1,29830,
2.32844e+07,,Surface,38,Image 1,1,29831,
6.09292e+07,,Surface,38,Image 1,1,29832,
1.9572e+08,,Surface,38,Image 1,1,29833,
5.93989e+07,,Surface,38,Image 1,1,29834,
5.10103e+07,,Surface,38,Image 1,1,29835,
2.15272e+07,,Surface,38,Image 1,1,29836,
4.02036e+07,,Surface,38,Image 1,1,29837,
1.10801e+07,,Surface,38,Image 1,1,29838,
4.76838e+07,,Surface,38,Image 1,1,29839,
1.94024e+07,,Surface,38,Image 1,1,29840,
2.71524e+07,,Surface,38,Image 1,1,29842,
2.35763e+07,,Surface,38,Image 1,1,29843,
3.15219e+07,,Surface,38,Image 1,1,29844,
3.55842e+07,,Surface,38,Image 1,1,29845,
4.13452e+07,,Surface,38,Image 1,1,29846,
3.8e+07,,Surface,38,Image 1,1,29847,
2.06419e+07,,Surface,38,Image 1,1,29848,
2.24232e+07,,Surface,38,Image 1,1,29849,
2.41464e+07,,Surface,38,Image 1,1,29850,
6.22263e+07,,Surface,38,Image 1,1,29851,
6.33361e+07,,Surface,38,Image 1,1,29852,
3.49404e+07,,Surface,38,Image 1,1,29853,
5.35777e+07,,Surface,38,Image 1,1,29854,
2.55889e+07,,Surface,38,Image 1,1,29857,
3.90556e+07,,Surface,38,Image 1,1,29858,
1.17016e+07,,Surface,38,Image 1,1,29859,
1.6589e+08,,Surface,38,Image 1,1,29860,
1.66649e+08,,Surface,38,Image 1,1,29861,
4.30551e+07,,Surface,38,Image 1,1,29862,
4.09406e+07,,Surface,38,Image 1,1,29863,
4.55001e+07,,Surface,38,Image 1,1,29864,
4.26713e+07,,Surface,38,Image 1,1,29865,
4.58905e+07,,Surface,38,Image 1,1,29866,
4.34889e+07,,Surface,38,Image 1,1,29867,
5.98455e+07,,Surface,38,Image 1,1,29868,
1.80146e+07,,Surface,38,Image 1,1,29869,
4.1733e+07,,Surface,38,Image 1,1,29870,
1.54035e+07,,Surface,38,Image 1,1,29871,
5.18834e+07,,Surface,38,Image 1,1,29872,
7.83122e+07,,Surface,38,Image 1,1,29873,
3.56003e+07,,Surface,38,Image 1,1,29874,
4.86834e+06,,Surface,38,Image 1,1,29875,
3.07341e+07,,Surface,38,Image 1,1,29876,
5.31339e+07,,Surface,38,Image 1,1,29878,
3.55664e+07,,Surface,38,Image 1,1,29879,
135892,,Surface,38,Image 1,1,29880,
6.60523e+07,,Surface,38,Image 1,1,29881,
5.65778e+06,,Surface,38,Image 1,1,29882,
3.14334e+07,,Surface,38,Image 1,1,29883,
5.91908e+07,,Surface,38,Image 1,1,29884,
2.60891e+07,,Surface,38,Image 1,1,29885,
1.9737e+07,,Surface,38,Image 1,1,29886,
8.66589e+06,,Surface,38,Image 1,1,29887,
1.45572e+07,,Surface,38,Image 1,1,29888,
6.49761e+07,,Surface,38,Image 1,1,29889,
5.65181e+07,,Surface,38,Image 1,1,29890,
5.72449e+07,,Surface,38,Image 1,1,29891,
1.2103e+07,,Surface,38,Image 1,1,29892,
2.38891e+07,,Surface,38,Image 1,1,29893,
1.31669e+07,,Surface,38,Image 1,1,29894,
7.14382e+07,,Surface,38,Image 1,1,29895,
3.87328e+07,,Surface,38,Image 1,1,29896,
6.45741e+07,,Surface,38,Image 1,1,29897,
4.83922e+07,,Surface,38,Image 1,1,29898,
7.80481e+07,,Surface,38,Image 1,1,29899,
1.87959e+07,,Surface,38,Image 1,1,29900,
1.30965e+07,,Surface,38,Image 1,1,29901,
1.92778e+07,,Surface,38,Image 1,1,29902,
3.5105e+07,,Surface,38,Image 1,1,29903,
1.36681e+07,,Surface,38,Image 1,1,29904,
5.49042e+07,,Surface,38,Image 1,1,29905,
3.14685e+07,,Surface,38,Image 1,1,29907,
4.24605e+07,,Surface,38,Image 1,1,29908,
6.07273e+06,,Surface,38,Image 1,1,29909,
3.95386e+07,,Surface,38,Image 1,1,29910,
3.24791e+07,,Surface,38,Image 1,1,29911,
2.92029e+07,,Surface,38,Image 1,1,29912,
6.2596e+07,,Surface,38,Image 1,1,29913,
5.18173e+07,,Surface,38,Image 1,1,29914,
4.66023e+07,,Surface,38,Image 1,1,29915,
3.96462e+07,,Surface,38,Image 1,1,29916,
6.02312e+06,,Surface,38,Image 1,1,29917,
3.63913e+07,,Surface,38,Image 1,1,29918,
1.21774e+07,,Surface,38,Image 1,1,29919,
1.70885e+08,,Surface,38,Image 1,1,29920,
2.36917e+07,,Surface,38,Image 1,1,29922,
2.14831e+07,,Surface,38,Image 1,1,29923,
3.43714e+07,,Surface,38,Image 1,1,29924,
1.86101e+08,,Surface,38,Image 1,1,29925,
2.20239e+07,,Surface,38,Image 1,1,29926,
4.33547e+07,,Surface,38,Image 1,1,29927,
1.23292e+07,,Surface,38,Image 1,1,29928,
6.1289e+07,,Surface,38,Image 1,1,29929,
4.78481e+07,,Surface,38,Image 1,1,29930,
1.32362e+08,,Surface,38,Image 1,1,29931,
7.33606e+06,,Surface,38,Image 1,1,29932,
7.7118e+07,,Surface,38,Image 1,1,29934,
3.47841e+07,,Surface,38,Image 1,1,29935,
5.08643e+06,,Surface,38,Image 1,1,29936,
6.30302e+07,,Surface,38,Image 1,1,29937,
1.43336e+07,,Surface,38,Image 1,1,29938,
2.6155e+07,,Surface,38,Image 1,1,29940,
3.86264e+07,,Surface,38,Image 1,1,29942,
1.02286e+07,,Surface,38,Image 1,1,29943,
2.15185e+07,,Surface,38,Image 1,1,29944,
1.7851e+07,,Surface,38,Image 1,1,29945,
2.41999e+07,,Surface,38,Image 1,1,29946,
2.57575e+07,,Surface,38,Image 1,1,29947,
4.90364e+07,,Surface,38,Image 1,1,29948,
3.29347e+07,,Surface,38,Image 1,1,29950,
4.54229e+07,,Surface,38,Image 1,1,29951,
5.1151e+07,,Surface,38,Image 1,1,29954,
7.91549e+07,,Surface,38,Image 1,1,29955,
4.59475e+07,,Surface,38,Image 1,1,29956,
5.89642e+07,,Surface,38,Image 1,1,29958,
3.91525e+07,,Surface,38,Image 1,1,29959,
3.23413e+07,,Surface,38,Image 1,1,29960,
4.39324e+07,,Surface,38,Image 1,1,29961,
1.29663e+08,,Surface,38,Image 1,1,29962,
4.03656e+07,,Surface,38,Image 1,1,29964,
9.08105e+07,,Surface,38,Image 1,1,29965,
3.13036e+07,,Surface,38,Image 1,1,29966,
6.61872e+07,,Surface,38,Image 1,1,29967,
3.49785e+07,,Surface,38,Image 1,1,29968,
1.64248e+08,,Surface,38,Image 1,1,29969,
6.29268e+07,,Surface,38,Image 1,1,29970,
7.19073e+07,,Surface,38,Image 1,1,29971,
3.81721e+07,,Surface,38,Image 1,1,29972,
3.77555e+07,,Surface,38,Image 1,1,29973,
713742,,Surface,38,Image 1,1,29974,
1.55171e+08,,Surface,38,Image 1,1,29975,
9.47598e+07,,Surface,38,Image 1,1,29976,
3.28912e+07,,Surface,38,Image 1,1,29977,
6.3082e+07,,Surface,38,Image 1,1,29978,
2.81837e+07,,Surface,38,Image 1,1,29979,
4.36602e+07,,Surface,38,Image 1,1,29980,
2.38839e+07,,Surface,38,Image 1,1,29981,
1.60293e+07,,Surface,38,Image 1,1,29982,
4.20177e+07,,Surface,38,Image 1,1,29983,
3.21926e+07,,Surface,38,Image 1,1,29984,
3.91615e+07,,Surface,38,Image 1,1,29985,
3.53026e+07,,Surface,38,Image 1,1,29986,
2.94631e+08,,Surface,38,Image 1,1,29989,
2.14849e+07,,Surface,38,Image 1,1,29990,
1.04205e+08,,Surface,38,Image 1,1,29991,
2.86611e+07,,Surface,38,Image 1,1,29992,
4.60998e+07,,Surface,38,Image 1,1,29994,
3.99239e+06,,Surface,38,Image 1,1,29996,
4.98866e+07,,Surface,38,Image 1,1,29997,
5.04365e+07,,Surface,38,Image 1,1,29998,
3.51032e+07,,Surface,38,Image 1,1,29999,
4.22281e+07,,Surface,38,Image 1,1,30000,
2.26986e+08,,Surface,38,Image 1,1,30001,
2.84013e+07,,Surface,38,Image 1,1,30002,
9.10384e+07,,Surface,38,Image 1,1,30003,
6.45249e+07,,Surface,38,Image 1,1,30004,
2.19154e+07,,Surface,38,Image 1,1,30005,
5.37984e+07,,Surface,38,Image 1,1,30006,
2.72142e+07,,Surface,38,Image 1,1,30007,
2.75787e+07,,Surface,38,Image 1,1,30008,
1.60476e+07,,Surface,38,Image 1,1,30009,
2.56224e+07,,Surface,38,Image 1,1,30010,
3.94349e+07,,Surface,38,Image 1,1,30011,
3.2761e+07,,Surface,38,Image 1,1,30012,
1.67888e+07,,Surface,38,Image 1,1,30013,
4.17028e+06,,Surface,38,Image 1,1,30014,
1.25965e+07,,Surface,38,Image 1,1,30015,
1.86694e+07,,Surface,38,Image 1,1,30016,
3.58198e+07,,Surface,38,Image 1,1,30017,
1.13186e+08,,Surface,38,Image 1,1,30018,
7.50491e+07,,Surface,38,Image 1,1,30019,
2.61135e+07,,Surface,38,Image 1,1,30020,
2.25668e+07,,Surface,38,Image 1,1,30021,
5.91936e+07,,Surface,38,Image 1,1,30022,
1.08673e+08,,Surface,38,Image 1,1,30023,
2.11912e+07,,Surface,38,Image 1,1,30024,
3.94826e+07,,Surface,38,Image 1,1,30026,
1.55599e+07,,Surface,38,Image 1,1,30027,
4.33785e+07,,Surface,38,Image 1,1,30028,
2.32702e+08,,Surface,38,Image 1,1,30029,
1.52638e+08,,Surface,38,Image 1,1,30030,
2.15218e+07,,Surface,38,Image 1,1,30031,
5.77584e+07,,Surface,38,Image 1,1,30032,
2.68279e+07,,Surface,38,Image 1,1,30033,
3.12057e+07,,Surface,38,Image 1,1,30035,
1.96715e+07,,Surface,38,Image 1,1,30036,
825634,,Surface,38,Image 1,1,30037,
3.30337e+07,,Surface,38,Image 1,1,30038,
1.43053e+07,,Surface,38,Image 1,1,30039,
3.9104e+06,,Surface,38,Image 1,1,30040,
5.05207e+07,,Surface,38,Image 1,1,30041,
1.30814e+07,,Surface,38,Image 1,1,30043,
3.52108e+07,,Surface,38,Image 1,1,30044,
3.45987e+07,,Surface,38,Image 1,1,30045,
1.37033e+07,,Surface,38,Image 1,1,30046,
4.64213e+07,,Surface,38,Image 1,1,30047,
5.29186e+07,,Surface,38,Image 1,1,30048,
4.99018e+07,,Surface,38,Image 1,1,30049,
1.59414e+06,,Surface,38,Image 1,1,30050,
3.4638e+07,,Surface,38,Image 1,1,30051,
7.32494e+07,,Surface,38,Image 1,1,30052,
1.0528e+07,,Surface,38,Image 1,1,30053,
1.98194e+07,,Surface,38,Image 1,1,30054,
9.95065e+07,,Surface,38,Image 1,1,30055,
6.55876e+06,,Surface,38,Image 1,1,30056,
6.6133e+07,,Surface,38,Image 1,1,30057,
4.75359e+07,,Surface,38,Image 1,1,30058,
3.20526e+07,,Surface,38,Image 1,1,30059,
3.64988e+07,,Surface,38,Image 1,1,30060,
4.27459e+07,,Surface,38,Image 1,1,30061,
1.09232e+07,,Surface,38,Image 1,1,30062,
6.20414e+07,,Surface,38,Image 1,1,30063,
6.96702e+07,,Surface,38,Image 1,1,30064,
7.34399e+07,,Surface,38,Image 1,1,30065,
6.41618e+07,,Surface,38,Image 1,1,30066,
1.86156e+07,,Surface,38,Image 1,1,30068,
1.68624e+07,,Surface,38,Image 1,1,30069,
4.15046e+07,,Surface,38,Image 1,1,30070,
6.53877e+07,,Surface,38,Image 1,1,30071,
5.0723e+07,,Surface,38,Image 1,1,30072,
2.68512e+07,,Surface,38,Image 1,1,30073,
7.00787e+06,,Surface,38,Image 1,1,30074,
2.42669e+07,,Surface,38,Image 1,1,30075,
1.62067e+07,,Surface,38,Image 1,1,30076,
1.7435e+08,,Surface,38,Image 1,1,30077,
2.3785e+07,,Surface,38,Image 1,1,30078,
6.0133e+07,,Surface,38,Image 1,1,30079,
1.63052e+07,,Surface,38,Image 1,1,30080,
3.85231e+07,,Surface,38,Image 1,1,30082,
2.41578e+07,,Surface,38,Image 1,1,30083,
7.53455e+06,,Surface,38,Image 1,1,30084,
6.47306e+06,,Surface,38,Image 1,1,30085,
3.85305e+07,,Surface,38,Image 1,1,30087,
5.48451e+07,,Surface,38,Image 1,1,30088,
1.13774e+07,,Surface,38,Image 1,1,30089,
8.35341e+07,,Surface,38,Image 1,1,30090,
2.31752e+07,,Surface,38,Image 1,1,30091,
2.276e+07,,Surface,38,Image 1,1,30092,
3.11926e+07,,Surface,38,Image 1,1,30093,
3.6847e+07,,Surface,38,Image 1,1,30094,
4.08511e+07,,Surface,38,Image 1,1,30095,
2.98563e+07,,Surface,38,Image 1,1,30096,
1.66963e+07,,Surface,38,Image 1,1,30097,
3.54039e+07,,Surface,38,Image 1,1,30098,
8.36272e+06,,Surface,38,Image 1,1,30100,
7.92226e+07,,Surface,38,Image 1,1,30102,
2.72141e+07,,Surface,38,Image 1,1,30103,
1.67928e+07,,Surface,38,Image 1,1,30104,
3.43878e+07,,Surface,38,Image 1,1,30105,
3.16904e+07,,Surface,38,Image 1,1,30106,
4.73278e+07,,Surface,38,Image 1,1,30107,
3.20077e+07,,Surface,38,Image 1,1,30108,
4.56913e+07,,Surface,38,Image 1,1,30110,
3.43909e+07,,Surface,38,Image 1,1,30111,
2.02228e+07,,Surface,38,Image 1,1,30112,
2.06063e+07,,Surface,38,Image 1,1,30113,
4.36415e+07,,Surface,38,Image 1,1,30114,
2.56691e+07,,Surface,38,Image 1,1,30115,
9.93998e+07,,Surface,38,Image 1,1,30116,
5.4715e+06,,Surface,38,Image 1,1,30117,
5.41196e+07,,Surface,38,Image 1,1,30118,
5.6487e+07,,Surface,38,Image 1,1,30119,
6.18797e+07,,Surface,38,Image 1,1,30120,
1.3993e+07,,Surface,38,Image 1,1,30121,
3.63246e+07,,Surface,38,Image 1,1,30122,
1.48556e+07,,Surface,38,Image 1,1,30123,
1.40575e+07,,Surface,38,Image 1,1,30124,
7.07338e+06,,Surface,38,Image 1,1,30125,
5.9197e+07,,Surface,38,Image 1,1,30126,
3.89166e+07,,Surface,38,Image 1,1,30127,
4.46471e+07,,Surface,38,Image 1,1,30128,
4.04703e+07,,Surface,38,Image 1,1,30129,
9.48142e+07,,Surface,38,Image 1,1,30130,
3.93642e+07,,Surface,38,Image 1,1,30131,
9.15294e+07,,Surface,38,Image 1,1,30132,
3.2e+07,,Surface,38,Image 1,1,30133,
6.93596e+07,,Surface,38,Image 1,1,30134,
5.26748e+07,,Surface,38,Image 1,1,30135,
2.34668e+07,,Surface,38,Image 1,1,30136,
8.2146e+07,,Surface,38,Image 1,1,30137,
5.55037e+07,,Surface,38,Image 1,1,30138,
2.56213e+07,,Surface,38,Image 1,1,30139,
4.10795e+07,,Surface,38,Image 1,1,30140,
4.18025e+07,,Surface,38,Image 1,1,30141,
1.34008e+07,,Surface,38,Image 1,1,30142,
8.40623e+07,,Surface,38,Image 1,1,30143,
5.28632e+07,,Surface,38,Image 1,1,30144,
9.77732e+07,,Surface,38,Image 1,1,30145,
3.41579e+07,,Surface,38,Image 1,1,30146,
1.02412e+07,,Surface,38,Image 1,1,30148,
3.46809e+07,,Surface,38,Image 1,1,30149,
1.60799e+07,,Surface,38,Image 1,1,30151,
2.03451e+07,,Surface,38,Image 1,1,30152,
1.91338e+07,,Surface,38,Image 1,1,30153,
2.5305e+07,,Surface,38,Image 1,1,30154,
3.15081e+07,,Surface,38,Image 1,1,30155,
2.5573e+07,,Surface,38,Image 1,1,30156,
3.98936e+06,,Surface,38,Image 1,1,30157,
3.72336e+07,,Surface,38,Image 1,1,30158,
2.12689e+07,,Surface,38,Image 1,1,30159,
3.2711e+07,,Surface,38,Image 1,1,30160,
2.34897e+07,,Surface,38,Image 1,1,30161,
5.45962e+07,,Surface,38,Image 1,1,30162,
5.03335e+07,,Surface,38,Image 1,1,30163,
3.33497e+07,,Surface,38,Image 1,1,30164,
8.57494e+07,,Surface,38,Image 1,1,30165,
6.65592e+07,,Surface,38,Image 1,1,30166,
1.00924e+07,,Surface,38,Image 1,1,30167,
4.43356e+07,,Surface,38,Image 1,1,30168,
9.34357e+06,,Surface,38,Image 1,1,30169,
6.63593e+07,,Surface,38,Image 1,1,30170,
6.74821e+07,,Surface,38,Image 1,1,30171,
3.96964e+07,,Surface,38,Image 1,1,30172,
2.79852e+07,,Surface,38,Image 1,1,30173,
1.85176e+06,,Surface,38,Image 1,1,30174,
477892,,Surface,38,Image 1,1,30176,
6.73238e+07,,Surface,38,Image 1,1,30177,
9.06485e+07,,Surface,38,Image 1,1,30178,
8.98601e+07,,Surface,38,Image 1,1,30179,
3.38545e+07,,Surface,38,Image 1,1,30180,
5.66247e+07,,Surface,38,Image 1,1,30181,
1.12025e+08,,Surface,38,Image 1,1,30182,
1.81456e+07,,Surface,38,Image 1,1,30183,
2.43091e+07,,Surface,38,Image 1,1,30184,
2.47751e+07,,Surface,38,Image 1,1,30185,
6.87034e+06,,Surface,38,Image 1,1,30186,
5.32917e+07,,Surface,38,Image 1,1,30187,
4.51075e+07,,Surface,38,Image 1,1,30188,
1.14714e+08,,Surface,38,Image 1,1,30189,
1.25042e+08,,Surface,38,Image 1,1,30190,
8.66908e+07,,Surface,38,Image 1,1,30191,
3.68778e+07,,Surface,38,Image 1,1,30192,
4.71857e+06,,Surface,38,Image 1,1,30193,
2.83713e+07,,Surface,38,Image 1,1,30194,
2.15999e+07,,Surface,38,Image 1,1,30195,
2.78052e+07,,Surface,38,Image 1,1,30196,
1.53527e+08,,Surface,38,Image 1,1,30197,
2.77454e+07,,Surface,38,Image 1,1,30198,
1.56049e+07,,Surface,38,Image 1,1,30200,
4.55985e+07,,Surface,38,Image 1,1,30201,
2.97052e+07,,Surface,38,Image 1,1,30202,
3.31603e+07,,Surface,38,Image 1,1,30203,
1.32669e+07,,Surface,38,Image 1,1,30204,
1.40602e+08,,Surface,38,Image 1,1,30205,
1.82825e+07,,Surface,38,Image 1,1,30206,
8.5004e+07,,Surface,38,Image 1,1,30207,
1.34182e+07,,Surface,38,Image 1,1,30208,
2.13815e+07,,Surface,38,Image 1,1,30209,
2.11341e+07,,Surface,38,Image 1,1,30210,
8.02136e+07,,Surface,38,Image 1,1,30212,
2.59559e+07,,Surface,38,Image 1,1,30213,
4.29473e+07,,Surface,38,Image 1,1,30214,
4.72868e+07,,Surface,38,Image 1,1,30215,
2.16357e+07,,Surface,38,Image 1,1,30216,
1.95596e+07,,Surface,38,Image 1,1,30217,
1.96087e+07,,Surface,38,Image 1,1,30218,
6.93792e+07,,Surface,38,Image 1,1,30219,
1.44611e+08,,Surface,38,Image 1,1,30220,
1.59593e+07,,Surface,38,Image 1,1,30221,
2.5085e+07,,Surface,38,Image 1,1,30222,
1.0206e+08,,Surface,38,Image 1,1,30223,
1.31298e+08,,Surface,38,Image 1,1,30224,
1.98693e+07,,Surface,38,Image 1,1,30225,
3.14588e+07,,Surface,38,Image 1,1,30227,
4.57182e+07,,Surface,38,Image 1,1,30228,
1.66106e+07,,Surface,38,Image 1,1,30229,
4.90826e+07,,Surface,38,Image 1,1,30230,
5.17832e+07,,Surface,38,Image 1,1,30232,
8.64957e+07,,Surface,38,Image 1,1,30233,
1.69948e+08,,Surface,38,Image 1,1,30234,
2.46553e+07,,Surface,38,Image 1,1,30235,
7.50178e+07,,Surface,38,Image 1,1,30236,
1.78164e+07,,Surface,38,Image 1,1,30237,
7.5518e+06,,Surface,38,Image 1,1,30238,
9.59277e+06,,Surface,38,Image 1,1,30239,
2.04979e+08,,Surface,38,Image 1,1,30240,
5.21508e+07,,Surface,38,Image 1,1,30241,
6.11057e+06,,Surface,38,Image 1,1,30242,
1.8279e+07,,Surface,38,Image 1,1,30243,
6.17563e+07,,Surface,38,Image 1,1,30244,
1.29588e+08,,Surface,38,Image 1,1,30245,
4.42395e+07,,Surface,38,Image 1,1,30246,
1.00405e+08,,Surface,38,Image 1,1,30247,
1.09186e+08,,Surface,38,Image 1,1,30248,
8.54796e+07,,Surface,38,Image 1,1,30249,
3.1233e+07,,Surface,38,Image 1,1,30250,
4.77908e+07,,Surface,38,Image 1,1,30252,
3.31892e+07,,Surface,38,Image 1,1,30253,
2.26892e+07,,Surface,38,Image 1,1,30255,
7.22533e+07,,Surface,38,Image 1,1,30256,
1.97101e+07,,Surface,38,Image 1,1,30257,
1.32834e+07,,Surface,38,Image 1,1,30258,
3.18109e+07,,Surface,38,Image 1,1,30259,
1.52547e+07,,Surface,38,Image 1,1,30261,
1.98891e+07,,Surface,38,Image 1,1,30262,
4.56732e+07,,Surface,38,Image 1,1,30263,
3.16105e+07,,Surface,38,Image 1,1,30264,
1.42309e+07,,Surface,38,Image 1,1,30265,
2.9916e+07,,Surface,38,Image 1,1,30266,
7.32517e+07,,Surface,38,Image 1,1,30267,
7.03183e+07,,Surface,38,Image 1,1,30268,
1.43783e+08,,Surface,38,Image 1,1,30269,
7.26495e+07,,Surface,38,Image 1,1,30270,
5.36223e+07,,Surface,38,Image 1,1,30271,
3.07352e+07,,Surface,38,Image 1,1,30272,
1.66785e+07,,Surface,38,Image 1,1,30273,
3.00711e+07,,Surface,38,Image 1,1,30274,
5.54754e+07,,Surface,38,Image 1,1,30275,
2.02284e+07,,Surface,38,Image 1,1,30277,
5.52183e+06,,Surface,38,Image 1,1,30278,
8.44382e+06,,Surface,38,Image 1,1,30279,
2.89615e+07,,Surface,38,Image 1,1,30280,
5.56806e+07,,Surface,38,Image 1,1,30281,
5.05594e+07,,Surface,38,Image 1,1,30283,
5.52383e+07,,Surface,38,Image 1,1,30284,
1.33049e+07,,Surface,38,Image 1,1,30286,
3.44411e+07,,Surface,38,Image 1,1,30287,
2.88237e+07,,Surface,38,Image 1,1,30288,
3.6235e+07,,Surface,38,Image 1,1,30289,
1.28052e+08,,Surface,38,Image 1,1,30290,
5.499e+07,,Surface,38,Image 1,1,30291,
2.71697e+08,,Surface,38,Image 1,1,30292,
3.51144e+07,,Surface,38,Image 1,1,30293,
1.37245e+08,,Surface,38,Image 1,1,30295,
4.62509e+07,,Surface,38,Image 1,1,30296,
6.38627e+07,,Surface,38,Image 1,1,30297,
3.18933e+07,,Surface,38,Image 1,1,30298,
3.31757e+07,,Surface,38,Image 1,1,30299,
7.72052e+07,,Surface,38,Image 1,1,30300,
1.4939e+07,,Surface,38,Image 1,1,30301,
3.05459e+07,,Surface,38,Image 1,1,30302,
1.12471e+07,,Surface,38,Image 1,1,30303,
7.58835e+06,,Surface,38,Image 1,1,30304,
7.14202e+07,,Surface,38,Image 1,1,30305,
1.25154e+07,,Surface,38,Image 1,1,30306,
3.98977e+07,,Surface,38,Image 1,1,30307,
2.39533e+07,,Surface,38,Image 1,1,30308,
1.98948e+07,,Surface,38,Image 1,1,30309,
8.24875e+07,,Surface,38,Image 1,1,30310,
4.07752e+07,,Surface,38,Image 1,1,30311,
3.92755e+07,,Surface,38,Image 1,1,30312,
1.46618e+07,,Surface,38,Image 1,1,30313,
2.37021e+07,,Surface,38,Image 1,1,30314,
3.88207e+07,,Surface,38,Image 1,1,30315,
1.87378e+07,,Surface,38,Image 1,1,30316,
1.02966e+08,,Surface,38,Image 1,1,30317,
8.25369e+07,,Surface,38,Image 1,1,30319,
2.78706e+07,,Surface,38,Image 1,1,30320,
3.756e+07,,Surface,38,Image 1,1,30321,
7.90167e+07,,Surface,38,Image 1,1,30323,
5.62776e+07,,Surface,38,Image 1,1,30325,
2.65947e+07,,Surface,38,Image 1,1,30326,
1.34896e+07,,Surface,38,Image 1,1,30327,
2.8505e+07,,Surface,38,Image 1,1,30328,
2.84182e+07,,Surface,38,Image 1,1,30329,
8.66863e+07,,Surface,38,Image 1,1,30330,
1.96664e+07,,Surface,38,Image 1,1,30331,
1.94581e+07,,Surface,38,Image 1,1,30332,
4.01777e+07,,Surface,38,Image 1,1,30334,
9.07973e+06,,Surface,38,Image 1,1,30336,
1.63208e+07,,Surface,38,Image 1,1,30337,
1.01949e+08,,Surface,38,Image 1,1,30338,
1.28727e+07,,Surface,38,Image 1,1,30339,
1.36653e+08,,Surface,38,Image 1,1,30341,
2.89325e+07,,Surface,38,Image 1,1,30342,
8.70376e+07,,Surface,38,Image 1,1,30343,
5.93257e+07,,Surface,38,Image 1,1,30345,
1.67519e+07,,Surface,38,Image 1,1,30346,
4.46495e+06,,Surface,38,Image 1,1,30347,
7.18848e+07,,Surface,38,Image 1,1,30348,
7.26911e+07,,Surface,38,Image 1,1,30349,
7.72154e+07,,Surface,38,Image 1,1,30350,
8.15289e+07,,Surface,38,Image 1,1,30351,
7.24389e+07,,Surface,38,Image 1,1,30352,
1.72194e+07,,Surface,38,Image 1,1,30353,
5.00619e+07,,Surface,38,Image 1,1,30354,
3.48909e+07,,Surface,38,Image 1,1,30355,
2.7841e+07,,Surface,38,Image 1,1,30356,
2.80799e+07,,Surface,38,Image 1,1,30357,
2.96457e+07,,Surface,38,Image 1,1,30358,
3.66403e+07,,Surface,38,Image 1,1,30359,
6.26767e+07,,Surface,38,Image 1,1,30360,
3.75058e+07,,Surface,38,Image 1,1,30361,
7.47387e+07,,Surface,38,Image 1,1,30362,
1.07344e+07,,Surface,38,Image 1,1,30363,
5.48801e+07,,Surface,38,Image 1,1,30364,
1.51517e+08,,Surface,38,Image 1,1,30365,
4.26693e+07,,Surface,38,Image 1,1,30366,
1.96761e+07,,Surface,38,Image 1,1,30367,
1.26586e+07,,Surface,38,Image 1,1,30368,
1.50553e+07,,Surface,38,Image 1,1,30369,
9.70302e+06,,Surface,38,Image 1,1,30370,
3.96705e+07,,Surface,38,Image 1,1,30371,
5.97257e+07,,Surface,38,Image 1,1,30372,
6.63362e+07,,Surface,38,Image 1,1,30373,
7.75029e+06,,Surface,38,Image 1,1,30374,
2.09713e+08,,Surface,38,Image 1,1,30375,
9.65407e+06,,Surface,38,Image 1,1,30376,
1.21592e+07,,Surface,38,Image 1,1,30377,
5.53041e+07,,Surface,38,Image 1,1,30378,
5.4184e+07,,Surface,38,Image 1,1,30379,
8.84722e+07,,Surface,38,Image 1,1,30380,
1.22714e+07,,Surface,38,Image 1,1,30381,
2.0168e+07,,Surface,38,Image 1,1,30382,
5.67662e+07,,Surface,38,Image 1,1,30383,
5.14314e+07,,Surface,38,Image 1,1,30384,
7.62464e+07,,Surface,38,Image 1,1,30385,
4.41726e+07,,Surface,38,Image 1,1,30386,
3.00887e+07,,Surface,38,Image 1,1,30387,
4.48478e+07,,Surface,38,Image 1,1,30388,
2.06834e+07,,Surface,38,Image 1,1,30389,
3.69044e+07,,Surface,38,Image 1,1,30391,
6.02967e+06,,Surface,38,Image 1,1,30392,
7.29228e+06,,Surface,38,Image 1,1,30393,
3.39669e+07,,Surface,38,Image 1,1,30394,
4.68566e+07,,Surface,38,Image 1,1,30395,
8.80012e+07,,Surface,38,Image 1,1,30396,
1.85287e+07,,Surface,38,Image 1,1,30397,
1.06999e+08,,Surface,38,Image 1,1,30398,
5.11675e+07,,Surface,38,Image 1,1,30399,
8.82717e+07,,Surface,38,Image 1,1,30400,
6.23218e+07,,Surface,38,Image 1,1,30401,
2.78289e+07,,Surface,38,Image 1,1,30402,
7.96998e+07,,Surface,38,Image 1,1,30403,
2.0502e+07,,Surface,38,Image 1,1,30404,
3.5455e+07,,Surface,38,Image 1,1,30405,
1.37645e+08,,Surface,38,Image 1,1,30406,
6.2931e+06,,Surface,38,Image 1,1,30408,
1.08881e+07,,Surface,38,Image 1,1,30409,
9.96117e+07,,Surface,38,Image 1,1,30410,
3.31715e+07,,Surface,38,Image 1,1,30411,
1.20461e+07,,Surface,38,Image 1,1,30412,
1.59254e+07,,Surface,38,Image 1,1,30413,
3.18e+07,,Surface,38,Image 1,1,30414,
2.81339e+07,,Surface,38,Image 1,1,30415,
4.64627e+07,,Surface,38,Image 1,1,30416,
6.60661e+07,,Surface,38,Image 1,1,30417,
1.40967e+07,,Surface,38,Image 1,1,30418,
1.65479e+08,,Surface,38,Image 1,1,30419,
1.94503e+07,,Surface,38,Image 1,1,30420,
1.96945e+07,,Surface,38,Image 1,1,30422,
6.9191e+07,,Surface,38,Image 1,1,30423,
2.91083e+07,,Surface,38,Image 1,1,30424,
6.78907e+07,,Surface,38,Image 1,1,30425,
4.79922e+07,,Surface,38,Image 1,1,30426,
5.86679e+07,,Surface,38,Image 1,1,30430,
2.10927e+07,,Surface,38,Image 1,1,30432,
4.00685e+07,,Surface,38,Image 1,1,30433,
3.72739e+07,,Surface,38,Image 1,1,30434,
1.27637e+07,,Surface,38,Image 1,1,30435,
1.79652e+07,,Surface,38,Image 1,1,30436,
6.2934e+07,,Surface,38,Image 1,1,30437,
6.42404e+07,,Surface,38,Image 1,1,30438,
3.1289e+07,,Surface,38,Image 1,1,30439,
1.40017e+07,,Surface,38,Image 1,1,30440,
5.44216e+07,,Surface,38,Image 1,1,30441,
8.61054e+07,,Surface,38,Image 1,1,30442,
4.26684e+07,,Surface,38,Image 1,1,30443,
5.43758e+06,,Surface,38,Image 1,1,30444,
2.51786e+07,,Surface,38,Image 1,1,30445,
4.83286e+07,,Surface,38,Image 1,1,30447,
2.85679e+07,,Surface,38,Image 1,1,30448,
8.97124e+07,,Surface,38,Image 1,1,30449,
2.05158e+07,,Surface,38,Image 1,1,30450,
4.63244e+07,,Surface,38,Image 1,1,30451,
1.37863e+08,,Surface,38,Image 1,1,30452,
1.44129e+07,,Surface,38,Image 1,1,30453,
3.50382e+07,,Surface,38,Image 1,1,30454,
6.59795e+07,,Surface,38,Image 1,1,30455,
5.59355e+07,,Surface,38,Image 1,1,30458,
1.42858e+07,,Surface,38,Image 1,1,30459,
7.42354e+07,,Surface,38,Image 1,1,30460,
7.6591e+07,,Surface,38,Image 1,1,30461,
2.89373e+07,,Surface,38,Image 1,1,30462,
4.17052e+07,,Surface,38,Image 1,1,30463,
5.04485e+07,,Surface,38,Image 1,1,30464,
2.67606e+07,,Surface,38,Image 1,1,30465,
2.18217e+08,,Surface,38,Image 1,1,30467,
1.50876e+07,,Surface,38,Image 1,1,30468,
8.39694e+07,,Surface,38,Image 1,1,30469,
4.713e+07,,Surface,38,Image 1,1,30470,
4.56084e+07,,Surface,38,Image 1,1,30471,
5.75494e+07,,Surface,38,Image 1,1,30472,
2.82815e+07,,Surface,38,Image 1,1,30473,
5.49539e+07,,Surface,38,Image 1,1,30474,
1.42926e+07,,Surface,38,Image 1,1,30475,
3.77358e+07,,Surface,38,Image 1,1,30477,
2.81181e+07,,Surface,38,Image 1,1,30479,
1.09251e+08,,Surface,38,Image 1,1,30480,
1.3037e+08,,Surface,38,Image 1,1,30481,
2.61216e+07,,Surface,38,Image 1,1,30484,
3.85725e+07,,Surface,38,Image 1,1,30485,
6.02651e+07,,Surface,38,Image 1,1,30486,
1.55596e+07,,Surface,38,Image 1,1,30487,
5.49486e+07,,Surface,38,Image 1,1,30488,
9.59966e+07,,Surface,38,Image 1,1,30489,
1.72019e+07,,Surface,38,Image 1,1,30490,
2.31364e+07,,Surface,38,Image 1,1,30491,
1.42548e+07,,Surface,38,Image 1,1,30492,
5.11958e+07,,Surface,38,Image 1,1,30493,
4.65169e+07,,Surface,38,Image 1,1,30494,
8.81017e+07,,Surface,38,Image 1,1,30495,
4.96633e+07,,Surface,38,Image 1,1,30496,
5.86727e+07,,Surface,38,Image 1,1,30497,
1.25113e+07,,Surface,38,Image 1,1,30498,
1.93541e+07,,Surface,38,Image 1,1,30499,
4.52472e+07,,Surface,38,Image 1,1,30500,
8.98121e+07,,Surface,38,Image 1,1,30501,
2.56561e+07,,Surface,38,Image 1,1,30502,
9.11508e+06,,Surface,38,Image 1,1,30503,
7.84057e+07,,Surface,38,Image 1,1,30504,
3.7504e+07,,Surface,38,Image 1,1,30505,
4.8702e+07,,Surface,38,Image 1,1,30506,
1.17845e+07,,Surface,38,Image 1,1,30507,
3.26213e+07,,Surface,38,Image 1,1,30508,
3.0301e+07,,Surface,38,Image 1,1,30509,
1.04531e+07,,Surface,38,Image 1,1,30510,
5.58251e+07,,Surface,38,Image 1,1,30511,
7.09914e+07,,Surface,38,Image 1,1,30512,
3.59412e+07,,Surface,38,Image 1,1,30513,
5.69695e+07,,Surface,38,Image 1,1,30514,
1.30292e+07,,Surface,38,Image 1,1,30515,
2.4007e+07,,Surface,38,Image 1,1,30516,
6.71272e+07,,Surface,38,Image 1,1,30517,
1.51336e+07,,Surface,38,Image 1,1,30518,
1.70547e+07,,Surface,38,Image 1,1,30519,
2.91415e+08,,Surface,38,Image 1,1,30520,
1.31776e+07,,Surface,38,Image 1,1,30521,
6.87877e+07,,Surface,38,Image 1,1,30522,
7.01517e+07,,Surface,38,Image 1,1,30523,
2.69156e+07,,Surface,38,Image 1,1,30524,
1.10276e+08,,Surface,38,Image 1,1,30525,
9.70458e+06,,Surface,38,Image 1,1,30526,
5.32108e+07,,Surface,38,Image 1,1,30528,
1.65276e+07,,Surface,38,Image 1,1,30529,
8.18258e+06,,Surface,38,Image 1,1,30531,
4.29203e+07,,Surface,38,Image 1,1,30532,
6.54531e+07,,Surface,38,Image 1,1,30534,
9.95959e+06,,Surface,38,Image 1,1,30535,
5.1214e+07,,Surface,38,Image 1,1,30537,
5.58159e+07,,Surface,38,Image 1,1,30538,
9.30488e+07,,Surface,38,Image 1,1,30539,
2.09823e+08,,Surface,38,Image 1,1,30540,
5.81254e+07,,Surface,38,Image 1,1,30541,
5.51676e+06,,Surface,38,Image 1,1,30542,
3.60146e+06,,Surface,38,Image 1,1,30543,
1.75067e+07,,Surface,38,Image 1,1,30544,
1.07897e+08,,Surface,38,Image 1,1,30545,
1.30394e+07,,Surface,38,Image 1,1,30546,
3.13288e+07,,Surface,38,Image 1,1,30547,
2.37408e+07,,Surface,38,Image 1,1,30548,
1.19846e+08,,Surface,38,Image 1,1,30549,
2.51933e+07,,Surface,38,Image 1,1,30550,
2.04217e+07,,Surface,38,Image 1,1,30551,
4.06934e+07,,Surface,38,Image 1,1,30552,
8.46287e+06,,Surface,38,Image 1,1,30554,
4.20891e+07,,Surface,38,Image 1,1,30555,
9.35745e+07,,Surface,38,Image 1,1,30556,
2.03154e+07,,Surface,38,Image 1,1,30557,
1.22849e+08,,Surface,38,Image 1,1,30558,
1.66669e+07,,Surface,38,Image 1,1,30560,
4.08851e+07,,Surface,38,Image 1,1,30561,
1.65591e+08,,Surface,38,Image 1,1,30562,
3.30229e+07,,Surface,38,Image 1,1,30563,
2.4022e+07,,Surface,38,Image 1,1,30564,
4.46992e+07,,Surface,38,Image 1,1,30565,
9.37489e+06,,Surface,38,Image 1,1,30566,
1.91505e+07,,Surface,38,Image 1,1,30567,
4.02073e+07,,Surface,38,Image 1,1,30568,
6.08049e+07,,Surface,38,Image 1,1,30569,
1.01149e+08,,Surface,38,Image 1,1,30570,
3.3402e+07,,Surface,38,Image 1,1,30571,
5.21762e+07,,Surface,38,Image 1,1,30572,
3.48298e+07,,Surface,38,Image 1,1,30573,
2.86898e+07,,Surface,38,Image 1,1,30574,
1.74106e+07,,Surface,38,Image 1,1,30575,
1.03119e+08,,Surface,38,Image 1,1,30576,
2.05993e+07,,Surface,38,Image 1,1,30577,
1.07857e+08,,Surface,38,Image 1,1,30578,
9.09518e+07,,Surface,38,Image 1,1,30579,
4.72564e+07,,Surface,38,Image 1,1,30582,
3.56161e+07,,Surface,38,Image 1,1,30583,
2.11141e+07,,Surface,38,Image 1,1,30584,
1.30392e+07,,Surface,38,Image 1,1,30585,
4.00693e+07,,Surface,38,Image 1,1,30586,
8.73316e+06,,Surface,38,Image 1,1,30587,
6.84347e+07,,Surface,38,Image 1,1,30588,
4.00984e+06,,Surface,38,Image 1,1,30589,
1.55614e+07,,Surface,38,Image 1,1,30590,
1.4514e+07,,Surface,38,Image 1,1,30591,
1.32077e+08,,Surface,38,Image 1,1,30592,
1.91857e+07,,Surface,38,Image 1,1,30593,
6.13386e+07,,Surface,38,Image 1,1,30594,
2.59367e+07,,Surface,38,Image 1,1,30595,
1.07497e+08,,Surface,38,Image 1,1,30596,
1.13573e+07,,Surface,38,Image 1,1,30597,
4.26029e+07,,Surface,38,Image 1,1,30598,
1.76014e+07,,Surface,38,Image 1,1,30599,
2.91766e+07,,Surface,38,Image 1,1,30600,
3.32091e+07,,Surface,38,Image 1,1,30601,
9.96532e+06,,Surface,38,Image 1,1,30602,
8.47956e+07,,Surface,38,Image 1,1,30603,
2.26409e+07,,Surface,38,Image 1,1,30604,
2.7235e+07,,Surface,38,Image 1,1,30605,
5.15821e+06,,Surface,38,Image 1,1,30606,
2.06604e+07,,Surface,38,Image 1,1,30607,
2.79084e+07,,Surface,38,Image 1,1,30608,
2.20974e+07,,Surface,38,Image 1,1,30609,
8.8112e+06,,Surface,38,Image 1,1,30610,
2.41283e+07,,Surface,38,Image 1,1,30611,
2.87191e+07,,Surface,38,Image 1,1,30612,
2.19392e+07,,Surface,38,Image 1,1,30613,
9.63076e+07,,Surface,38,Image 1,1,30614,
1.7618e+07,,Surface,38,Image 1,1,30615,
4.11099e+07,,Surface,38,Image 1,1,30616,
6.49522e+06,,Surface,38,Image 1,1,30617,
7.61139e+07,,Surface,38,Image 1,1,30618,
3.15774e+07,,Surface,38,Image 1,1,30619,
4.95256e+07,,Surface,38,Image 1,1,30620,
3.43281e+07,,Surface,38,Image 1,1,30621,
2.79973e+07,,Surface,38,Image 1,1,30622,
4.12824e+07,,Surface,38,Image 1,1,30623,
8.88427e+07,,Surface,38,Image 1,1,30624,
1.43401e+07,,Surface,38,Image 1,1,30625,
6.00289e+07,,Surface,38,Image 1,1,30627,
5.13646e+07,,Surface,38,Image 1,1,30628,
1.08454e+08,,Surface,38,Image 1,1,30629,
7.03915e+07,,Surface,38,Image 1,1,30630,
6.1293e+07,,Surface,38,Image 1,1,30631,
2.18584e+07,,Surface,38,Image 1,1,30632,
7.06902e+07,,Surface,38,Image 1,1,30633,
2.3303e+07,,Surface,38,Image 1,1,30634,
3.66935e+07,,Surface,38,Image 1,1,30635,
3.5002e+07,,Surface,38,Image 1,1,30636,
3.39899e+07,,Surface,38,Image 1,1,30638,
3.44066e+07,,Surface,38,Image 1,1,30639,
1.8638e+07,,Surface,38,Image 1,1,30640,
4.82343e+07,,Surface,38,Image 1,1,30641,
5.92514e+07,,Surface,38,Image 1,1,30642,
2.56762e+07,,Surface,38,Image 1,1,30643,
9.63132e+06,,Surface,38,Image 1,1,30644,
7.26599e+06,,Surface,38,Image 1,1,30645,
4.57228e+07,,Surface,38,Image 1,1,30646,
1.56582e+08,,Surface,38,Image 1,1,30647,
1.64584e+07,,Surface,38,Image 1,1,30648,
9.36057e+07,,Surface,38,Image 1,1,30649,
1.26249e+08,,Surface,38,Image 1,1,30650,
4.8859e+07,,Surface,38,Image 1,1,30651,
7.74267e+07,,Surface,38,Image 1,1,30652,
1.1534e+07,,Surface,38,Image 1,1,30653,
2.10095e+07,,Surface,38,Image 1,1,30655,
2.23015e+07,,Surface,38,Image 1,1,30656,
5.09549e+07,,Surface,38,Image 1,1,30657,
1.06994e+07,,Surface,38,Image 1,1,30658,
3.82687e+07,,Surface,38,Image 1,1,30659,
4.21335e+07,,Surface,38,Image 1,1,30660,
4.48314e+07,,Surface,38,Image 1,1,30661,
8.36652e+06,,Surface,38,Image 1,1,30663,
7.08421e+07,,Surface,38,Image 1,1,30664,
2.5525e+08,,Surface,38,Image 1,1,30666,
7.08031e+07,,Surface,38,Image 1,1,30667,
5.2549e+07,,Surface,38,Image 1,1,30668,
8.73371e+06,,Surface,38,Image 1,1,30669,
4.95427e+07,,Surface,38,Image 1,1,30670,
1.75732e+08,,Surface,38,Image 1,1,30671,
6.45047e+07,,Surface,38,Image 1,1,30672,
3.42658e+07,,Surface,38,Image 1,1,30673,
2.62536e+07,,Surface,38,Image 1,1,30674,
2.27201e+07,,Surface,38,Image 1,1,30675,
2.4941e+07,,Surface,38,Image 1,1,30676,
6.46822e+06,,Surface,38,Image 1,1,30677,
5.02396e+07,,Surface,38,Image 1,1,30678,
4.03093e+07,,Surface,38,Image 1,1,30679,
1.58461e+08,,Surface,38,Image 1,1,30681,
1.48892e+08,,Surface,38,Image 1,1,30682,
1.09521e+07,,Surface,38,Image 1,1,30683,
1.17907e+08,,Surface,38,Image 1,1,30684,
2.17352e+07,,Surface,38,Image 1,1,30685,
6.45886e+07,,Surface,38,Image 1,1,30686,
7.64685e+07,,Surface,38,Image 1,1,30687,
2.12629e+07,,Surface,38,Image 1,1,30688,
5.17543e+07,,Surface,38,Image 1,1,30689,
1.70488e+07,,Surface,38,Image 1,1,30690,
4.07973e+06,,Surface,38,Image 1,1,30691,
1.46863e+07,,Surface,38,Image 1,1,30692,
6.66298e+06,,Surface,38,Image 1,1,30694,
5.90083e+07,,Surface,38,Image 1,1,30695,
1.25588e+07,,Surface,38,Image 1,1,30696,
2.99813e+07,,Surface,38,Image 1,1,30697,
3.54006e+07,,Surface,38,Image 1,1,30698,
7.69349e+06,,Surface,38,Image 1,1,30699,
4.66485e+07,,Surface,38,Image 1,1,30700,
2.31538e+07,,Surface,38,Image 1,1,30701,
1.9296e+07,,Surface,38,Image 1,1,30702,
1.23981e+07,,Surface,38,Image 1,1,30703,
3.94859e+06,,Surface,38,Image 1,1,30704,
4.34545e+07,,Surface,38,Image 1,1,30705,
2.10939e+07,,Surface,38,Image 1,1,30706,
3.57968e+07,,Surface,38,Image 1,1,30707,
3.05424e+07,,Surface,38,Image 1,1,30708,
6.71408e+07,,Surface,38,Image 1,1,30709,
1.10871e+08,,Surface,38,Image 1,1,30710,
2.45073e+07,,Surface,38,Image 1,1,30711,
2.65989e+07,,Surface,38,Image 1,1,30712,
5.81454e+07,,Surface,38,Image 1,1,30713,
3.84614e+07,,Surface,38,Image 1,1,30714,
1.06894e+08,,Surface,38,Image 1,1,30715,
6.90548e+07,,Surface,38,Image 1,1,30716,
5.17794e+07,,Surface,38,Image 1,1,30717,
4.32951e+07,,Surface,38,Image 1,1,30718,
4.9705e+06,,Surface,38,Image 1,1,30719,
3.33145e+07,,Surface,38,Image 1,1,30721,
2.74845e+07,,Surface,38,Image 1,1,30723,
1.37867e+07,,Surface,38,Image 1,1,30724,
6.96608e+07,,Surface,38,Image 1,1,30725,
3.3556e+07,,Surface,38,Image 1,1,30726,
9.02498e+07,,Surface,38,Image 1,1,30728,
2.04679e+07,,Surface,38,Image 1,1,30730,
5.37274e+07,,Surface,38,Image 1,1,30732,
2.88076e+07,,Surface,38,Image 1,1,30733,
5.851e+07,,Surface,38,Image 1,1,30734,
1.91775e+07,,Surface,38,Image 1,1,30735,
7.93846e+07,,Surface,38,Image 1,1,30736,
8.04802e+07,,Surface,38,Image 1,1,30737,
3.51276e+07,,Surface,38,Image 1,1,30738,
5.24439e+07,,Surface,38,Image 1,1,30739,
2.51739e+07,,Surface,38,Image 1,1,30740,
9.28699e+06,,Surface,38,Image 1,1,30741,
6.27764e+07,,Surface,38,Image 1,1,30742,
2.68802e+07,,Surface,38,Image 1,1,30743,
9.1745e+06,,Surface,38,Image 1,1,30744,
2.70068e+07,,Surface,38,Image 1,1,30745,
3.25644e+07,,Surface,38,Image 1,1,30746,
6.57904e+07,,Surface,38,Image 1,1,30747,
1.66198e+08,,Surface,38,Image 1,1,30748,
1.2416e+07,,Surface,38,Image 1,1,30749,
7.60886e+07,,Surface,38,Image 1,1,30750,
3.20405e+07,,Surface,38,Image 1,1,30751,
4.20166e+07,,Surface,38,Image 1,1,30752,
5.45098e+07,,Surface,38,Image 1,1,30753,
3.96386e+07,,Surface,38,Image 1,1,30754,
1.64484e+07,,Surface,38,Image 1,1,30755,
3.26246e+07,,Surface,38,Image 1,1,30756,
1.92288e+07,,Surface,38,Image 1,1,30757,
3.71608e+07,,Surface,38,Image 1,1,30758,
1.36311e+07,,Surface,38,Image 1,1,30759,
1.33168e+08,,Surface,38,Image 1,1,30760,
1.98354e+07,,Surface,38,Image 1,1,30761,
1.14538e+07,,Surface,38,Image 1,1,30762,
3.25725e+07,,Surface,38,Image 1,1,30763,
3.1693e+07,,Surface,38,Image 1,1,30764,
3.75937e+06,,Surface,38,Image 1,1,30766,
1.67559e+07,,Surface,38,Image 1,1,30768,
1.34455e+08,,Surface,38,Image 1,1,30769,
6.10976e+07,,Surface,38,Image 1,1,30770,
5.15183e+07,,Surface,38,Image 1,1,30771,
3.51577e+07,,Surface,38,Image 1,1,30772,
7.01575e+07,,Surface,38,Image 1,1,30773,
7.75806e+06,,Surface,38,Image 1,1,30775,
2.8273e+07,,Surface,38,Image 1,1,30776,
7.44074e+07,,Surface,38,Image 1,1,30777,
6.78324e+07,,Surface,38,Image 1,1,30778,
1.31367e+08,,Surface,38,Image 1,1,30779,
7.49288e+06,,Surface,38,Image 1,1,30780,
5.15561e+07,,Surface,38,Image 1,1,30781,
5.72412e+06,,Surface,38,Image 1,1,30782,
4.64136e+07,,Surface,38,Image 1,1,30783,
9.49514e+06,,Surface,38,Image 1,1,30784,
3.14097e+07,,Surface,38,Image 1,1,30785,
1.47487e+07,,Surface,38,Image 1,1,30786,
6.41702e+07,,Surface,38,Image 1,1,30787,
4.36998e+07,,Surface,38,Image 1,1,30789,
1.52344e+08,,Surface,38,Image 1,1,30790,
8.73117e+06,,Surface,38,Image 1,1,30791,
2.78758e+07,,Surface,38,Image 1,1,30792,
1.03767e+08,,Surface,38,Image 1,1,30793,
1.68867e+07,,Surface,38,Image 1,1,30794,
4.13588e+07,,Surface,38,Image 1,1,30795,
5.43783e+07,,Surface,38,Image 1,1,30796,
1.24835e+08,,Surface,38,Image 1,1,30797,
3.77858e+07,,Surface,38,Image 1,1,30798,
2.95163e+07,,Surface,38,Image 1,1,30800,
1.09657e+07,,Surface,38,Image 1,1,30801,
3.78814e+07,,Surface,38,Image 1,1,30802,
5.17209e+07,,Surface,38,Image 1,1,30803,
2.11372e+07,,Surface,38,Image 1,1,30804,
2.04322e+07,,Surface,38,Image 1,1,30805,
9.80668e+07,,Surface,38,Image 1,1,30806,
4.52145e+07,,Surface,38,Image 1,1,30807,
3.97653e+07,,Surface,38,Image 1,1,30808,
1.23921e+07,,Surface,38,Image 1,1,30809,
1.23995e+08,,Surface,38,Image 1,1,30810,
6.77279e+06,,Surface,38,Image 1,1,30811,
8.89872e+06,,Surface,38,Image 1,1,30812,
3.13854e+07,,Surface,38,Image 1,1,30813,
1.86427e+07,,Surface,38,Image 1,1,30814,
3.41114e+07,,Surface,38,Image 1,1,30815,
3.08769e+07,,Surface,38,Image 1,1,30816,
2.1665e+07,,Surface,38,Image 1,1,30817,
2.15704e+08,,Surface,38,Image 1,1,30818,
3.0929e+07,,Surface,38,Image 1,1,30820,
3.7666e+07,,Surface,38,Image 1,1,30821,
2.24295e+07,,Surface,38,Image 1,1,30822,
2.92802e+07,,Surface,38,Image 1,1,30823,
2.93103e+07,,Surface,38,Image 1,1,30824,
4.4011e+07,,Surface,38,Image 1,1,30825,
1.72944e+07,,Surface,38,Image 1,1,30826,
4.24421e+07,,Surface,38,Image 1,1,30827,
1.91434e+07,,Surface,38,Image 1,1,30828,
4.01071e+07,,Surface,38,Image 1,1,30829,
3.6008e+07,,Surface,38,Image 1,1,30830,
9.63886e+07,,Surface,38,Image 1,1,30831,
2.5444e+07,,Surface,38,Image 1,1,30832,
8.60891e+07,,Surface,38,Image 1,1,30833,
4.82287e+07,,Surface,38,Image 1,1,30834,
5.0372e+07,,Surface,38,Image 1,1,30835,
7.51834e+07,,Surface,38,Image 1,1,30836,
1.19373e+07,,Surface,38,Image 1,1,30837,
4.26597e+07,,Surface,38,Image 1,1,30838,
2.64513e+07,,Surface,38,Image 1,1,30839,
5.28646e+06,,Surface,38,Image 1,1,30840,
8.96823e+06,,Surface,38,Image 1,1,30841,
3.93565e+07,,Surface,38,Image 1,1,30842,
2.2154e+07,,Surface,38,Image 1,1,30843,
1.09125e+08,,Surface,38,Image 1,1,30844,
3.72333e+07,,Surface,38,Image 1,1,30845,
1.21161e+08,,Surface,38,Image 1,1,30846,
1.03701e+08,,Surface,38,Image 1,1,30847,
4.16533e+07,,Surface,38,Image 1,1,30848,
1.79107e+08,,Surface,38,Image 1,1,30849,
1.14878e+08,,Surface,38,Image 1,1,30850,
1.83834e+07,,Surface,38,Image 1,1,30851,
2.63821e+08,,Surface,38,Image 1,1,30852,
5.63863e+07,,Surface,38,Image 1,1,30853,
5.47683e+07,,Surface,38,Image 1,1,30854,
2.44858e+07,,Surface,38,Image 1,1,30855,
2.82831e+07,,Surface,38,Image 1,1,30857,
2.69839e+07,,Surface,38,Image 1,1,30858,
7.91137e+07,,Surface,38,Image 1,1,30859,
2.9837e+07,,Surface,38,Image 1,1,30861,
3.43905e+07,,Surface,38,Image 1,1,30862,
4.96299e+07,,Surface,38,Image 1,1,30863,
2.02113e+07,,Surface,38,Image 1,1,30864,
6.98385e+07,,Surface,38,Image 1,1,30865,
2.08867e+07,,Surface,38,Image 1,1,30867,
2.78151e+07,,Surface,38,Image 1,1,30868,
8.96224e+06,,Surface,38,Image 1,1,30869,
2.74441e+07,,Surface,38,Image 1,1,30870,
2.33385e+08,,Surface,38,Image 1,1,30871,
2.93938e+07,,Surface,38,Image 1,1,30872,
5.17767e+07,,Surface,38,Image 1,1,30874,
4.94618e+07,,Surface,38,Image 1,1,30875,
3.54842e+07,,Surface,38,Image 1,1,30876,
3.94837e+07,,Surface,38,Image 1,1,30877,
1.40601e+08,,Surface,38,Image 1,1,30878,
8.11594e+06,,Surface,38,Image 1,1,30880,
1.66478e+07,,Surface,38,Image 1,1,30881,
3.28294e+07,,Surface,38,Image 1,1,30882,
6.16121e+07,,Surface,38,Image 1,1,30883,
6.74256e+07,,Surface,38,Image 1,1,30884,
3.48324e+07,,Surface,38,Image 1,1,30885,
4.48263e+07,,Surface,38,Image 1,1,30886,
3.06645e+07,,Surface,38,Image 1,1,30887,
5.57053e+07,,Surface,38,Image 1,1,30888,
4.71159e+07,,Surface,38,Image 1,1,30889,
2.90508e+07,,Surface,38,Image 1,1,30890,
4.71898e+07,,Surface,38,Image 1,1,30891,
2.26619e+07,,Surface,38,Image 1,1,30892,
1.11065e+08,,Surface,38,Image 1,1,30893,
6.58523e+07,,Surface,38,Image 1,1,30894,
1.84726e+08,,Surface,38,Image 1,1,30895,
3.75345e+07,,Surface,38,Image 1,1,30896,
657072,,Surface,38,Image 1,1,30897,
3.27762e+07,,Surface,38,Image 1,1,30898,
5.41384e+07,,Surface,38,Image 1,1,30899,
1.85645e+08,,Surface,38,Image 1,1,30900,
3.55503e+07,,Surface,38,Image 1,1,30901,
3.12074e+07,,Surface,38,Image 1,1,30902,
1.87672e+07,,Surface,38,Image 1,1,30903,
3.2001e+07,,Surface,38,Image 1,1,30904,
1.67927e+08,,Surface,38,Image 1,1,30905,
5.80593e+07,,Surface,38,Image 1,1,30906,
6.19918e+07,,Surface,38,Image 1,1,30907,
7.06224e+06,,Surface,38,Image 1,1,30908,
8.08838e+07,,Surface,38,Image 1,1,30909,
5.47196e+07,,Surface,38,Image 1,1,30912,
3.51581e+07,,Surface,38,Image 1,1,30913,
3.47752e+07,,Surface,38,Image 1,1,30914,
1.66354e+08,,Surface,38,Image 1,1,30915,
9.49588e+07,,Surface,38,Image 1,1,30916,
3.32302e+07,,Surface,38,Image 1,1,30917,
4.67488e+07,,Surface,38,Image 1,1,30918,
1.66207e+07,,Surface,38,Image 1,1,30919,
2.32679e+07,,Surface,38,Image 1,1,30920,
3.46555e+07,,Surface,38,Image 1,1,30921,
4.3778e+07,,Surface,38,Image 1,1,30923,
1.03206e+08,,Surface,38,Image 1,1,30924,
2.30279e+06,,Surface,38,Image 1,1,30925,
5.36065e+07,,Surface,38,Image 1,1,30926,
5.6219e+07,,Surface,38,Image 1,1,30927,
4.26812e+07,,Surface,38,Image 1,1,30928,
3.68917e+07,,Surface,38,Image 1,1,30929,
2.37971e+07,,Surface,38,Image 1,1,30930,
8.0571e+07,,Surface,38,Image 1,1,30931,
9.98631e+07,,Surface,38,Image 1,1,30932,
2.71317e+07,,Surface,38,Image 1,1,30933,
3.19661e+07,,Surface,38,Image 1,1,30934,
1.8095e+07,,Surface,38,Image 1,1,30935,
1.23914e+07,,Surface,38,Image 1,1,30936,
8.5158e+07,,Surface,38,Image 1,1,30937,
1.60953e+07,,Surface,38,Image 1,1,30938,
1.39584e+07,,Surface,38,Image 1,1,30939,
7.88597e+07,,Surface,38,Image 1,1,30940,
4.79778e+06,,Surface,38,Image 1,1,30941,
1.6073e+07,,Surface,38,Image 1,1,30942,
4.55542e+07,,Surface,38,Image 1,1,30943,
1.24909e+07,,Surface,38,Image 1,1,30944,
5.55086e+06,,Surface,38,Image 1,1,30946,
5.03449e+07,,Surface,38,Image 1,1,30948,
2.64559e+07,,Surface,38,Image 1,1,30949,
1.86378e+08,,Surface,38,Image 1,1,30950,
2.07998e+07,,Surface,38,Image 1,1,30951,
4.86498e+06,,Surface,38,Image 1,1,30952,
1.71289e+07,,Surface,38,Image 1,1,30953,
8.95031e+07,,Surface,38,Image 1,1,30954,
3.38001e+07,,Surface,38,Image 1,1,30955,
3.03167e+07,,Surface,38,Image 1,1,30956,
1.51995e+07,,Surface,38,Image 1,1,30958,
4.67172e+07,,Surface,38,Image 1,1,30959,
753110,,Surface,38,Image 1,1,30960,
3.24712e+07,,Surface,38,Image 1,1,30961,
1.1645e+07,,Surface,38,Image 1,1,30962,
3.01964e+07,,Surface,38,Image 1,1,30963,
1.99652e+07,,Surface,38,Image 1,1,30964,
9.40363e+06,,Surface,38,Image 1,1,30965,
6.70446e+07,,Surface,38,Image 1,1,30967,
1.92515e+07,,Surface,38,Image 1,1,30968,
5.47167e+07,,Surface,38,Image 1,1,30969,
4.18348e+07,,Surface,38,Image 1,1,30971,
5.24251e+07,,Surface,38,Image 1,1,30972,
5.26614e+07,,Surface,38,Image 1,1,30974,
5.69216e+07,,Surface,38,Image 1,1,30975,
1.42338e+06,,Surface,38,Image 1,1,30976,
5.75523e+07,,Surface,38,Image 1,1,30977,
8.60604e+06,,Surface,38,Image 1,1,30978,
3.03605e+07,,Surface,38,Image 1,1,30979,
3.06776e+07,,Surface,38,Image 1,1,30980,
4.97214e+07,,Surface,38,Image 1,1,30981,
1.78263e+07,,Surface,38,Image 1,1,30982,
2.4584e+06,,Surface,38,Image 1,1,30983,
4.34299e+07,,Surface,38,Image 1,1,30984,
7.58827e+07,,Surface,38,Image 1,1,30985,
2.69857e+07,,Surface,38,Image 1,1,30986,
1.08899e+08,,Surface,38,Image 1,1,30987,
3.59493e+07,,Surface,38,Image 1,1,30988,
2.28391e+07,,Surface,38,Image 1,1,30989,
6.08581e+07,,Surface,38,Image 1,1,30990,
2.63913e+07,,Surface,38,Image 1,1,30991,
9.24943e+07,,Surface,38,Image 1,1,30992,
3.35291e+07,,Surface,38,Image 1,1,30993,
3.13862e+07,,Surface,38,Image 1,1,30994,
1.61935e+07,,Surface,38,Image 1,1,30995,
4.17671e+07,,Surface,38,Image 1,1,30996,
2.06614e+07,,Surface,38,Image 1,1,30997,
3.09801e+07,,Surface,38,Image 1,1,30998,
4.85077e+07,,Surface,38,Image 1,1,30999,
4.31575e+07,,Surface,38,Image 1,1,31000,
4.2237e+07,,Surface,38,Image 1,1,31001,
1.71237e+08,,Surface,38,Image 1,1,31002,
9.7212e+07,,Surface,38,Image 1,1,31003,
5.80763e+06,,Surface,38,Image 1,1,31004,
3.5914e+07,,Surface,38,Image 1,1,31005,
6.23156e+06,,Surface,38,Image 1,1,31006,
3.97614e+07,,Surface,38,Image 1,1,31007,
5.28206e+07,,Surface,38,Image 1,1,31008,
1.82244e+07,,Surface,38,Image 1,1,31009,
8.02418e+07,,Surface,38,Image 1,1,31010,
4.36154e+07,,Surface,38,Image 1,1,31011,
9.76006e+07,,Surface,38,Image 1,1,31012,
1.38217e+07,,Surface,38,Image 1,1,31013,
6.47939e+07,,Surface,38,Image 1,1,31014,
4.00415e+07,,Surface,38,Image 1,1,31015,
8.70004e+07,,Surface,38,Image 1,1,31016,
5.50986e+07,,Surface,38,Image 1,1,31017,
1.72697e+07,,Surface,38,Image 1,1,31018,
3.1929e+07,,Surface,38,Image 1,1,31019,
6.2578e+07,,Surface,38,Image 1,1,31020,
5.96679e+07,,Surface,38,Image 1,1,31021,
5.26618e+07,,Surface,38,Image 1,1,31023,
2.86961e+07,,Surface,38,Image 1,1,31024,
2.54499e+07,,Surface,38,Image 1,1,31025,
2.94911e+07,,Surface,38,Image 1,1,31026,
9.34534e+07,,Surface,38,Image 1,1,31027,
1.90549e+07,,Surface,38,Image 1,1,31028,
9.3768e+06,,Surface,38,Image 1,1,31029,
2.29074e+07,,Surface,38,Image 1,1,31030,
1.82447e+07,,Surface,38,Image 1,1,31031,
2.12812e+07,,Surface,38,Image 1,1,31032,
3.11018e+07,,Surface,38,Image 1,1,31033,
9.39895e+06,,Surface,38,Image 1,1,31034,
3.27379e+07,,Surface,38,Image 1,1,31035,
3.31203e+07,,Surface,38,Image 1,1,31036,
675752,,Surface,38,Image 1,1,31037,
4.37324e+07,,Surface,38,Image 1,1,31038,
1.50289e+07,,Surface,38,Image 1,1,31040,
1.29534e+07,,Surface,38,Image 1,1,31041,
3.20754e+07,,Surface,38,Image 1,1,31042,
2.55558e+07,,Surface,38,Image 1,1,31043,
5.7148e+07,,Surface,38,Image 1,1,31044,
5.21436e+07,,Surface,38,Image 1,1,31045,
4.54054e+07,,Surface,38,Image 1,1,31046,
1.46301e+07,,Surface,38,Image 1,1,31047,
5.60166e+07,,Surface,38,Image 1,1,31048,
7.01106e+06,,Surface,38,Image 1,1,31049,
1.67506e+08,,Surface,38,Image 1,1,31050,
5.40542e+07,,Surface,38,Image 1,1,31051,
1.33218e+08,,Surface,38,Image 1,1,31053,
3.96873e+07,,Surface,38,Image 1,1,31054,
6.79992e+07,,Surface,38,Image 1,1,31055,
1.04605e+08,,Surface,38,Image 1,1,31056,
1.20544e+07,,Surface,38,Image 1,1,31057,
1.86575e+07,,Surface,38,Image 1,1,31059,
1.50185e+07,,Surface,38,Image 1,1,31061,
1.57993e+07,,Surface,38,Image 1,1,31062,
2.85736e+07,,Surface,38,Image 1,1,31063,
7.40044e+07,,Surface,38,Image 1,1,31064,
3.32345e+07,,Surface,38,Image 1,1,31065,
1.9767e+07,,Surface,38,Image 1,1,31066,
2.7401e+07,,Surface,38,Image 1,1,31067,
8.85131e+07,,Surface,38,Image 1,1,31068,
3.69405e+07,,Surface,38,Image 1,1,31069,
1.9964e+07,,Surface,38,Image 1,1,31070,
2.20973e+07,,Surface,38,Image 1,1,31071,
8.04354e+07,,Surface,38,Image 1,1,31072,
3.23828e+07,,Surface,38,Image 1,1,31073,
5.42156e+07,,Surface,38,Image 1,1,31074,
1.99669e+08,,Surface,38,Image 1,1,31076,
5.15726e+06,,Surface,38,Image 1,1,31077,
1.67578e+08,,Surface,38,Image 1,1,31078,
2.3112e+07,,Surface,38,Image 1,1,31079,
3.11302e+07,,Surface,38,Image 1,1,31080,
1.65185e+07,,Surface,38,Image 1,1,31081,
1.97196e+07,,Surface,38,Image 1,1,31083,
2.19914e+07,,Surface,38,Image 1,1,31084,
6.39596e+07,,Surface,38,Image 1,1,31085,
1.07653e+08,,Surface,38,Image 1,1,31086,
3.92192e+07,,Surface,38,Image 1,1,31087,
1.41921e+07,,Surface,38,Image 1,1,31088,
3.74589e+07,,Surface,38,Image 1,1,31089,
2.98405e+07,,Surface,38,Image 1,1,31090,
4.73538e+07,,Surface,38,Image 1,1,31091,
1.38076e+08,,Surface,38,Image 1,1,31092,
2.3128e+07,,Surface,38,Image 1,1,31093,
4.38598e+07,,Surface,38,Image 1,1,31094,
1.79898e+07,,Surface,38,Image 1,1,31095,
1.48057e+07,,Surface,38,Image 1,1,31096,
2.96218e+07,,Surface,38,Image 1,1,31098,
3.96506e+07,,Surface,38,Image 1,1,31099,
2.97697e+07,,Surface,38,Image 1,1,31100,
3.76557e+07,,Surface,38,Image 1,1,31102,
1.54965e+07,,Surface,38,Image 1,1,31103,
6.51678e+06,,Surface,38,Image 1,1,31104,
1.33621e+07,,Surface,38,Image 1,1,31105,
1.5049e+07,,Surface,38,Image 1,1,31106,
5.29144e+07,,Surface,38,Image 1,1,31107,
1.81514e+07,,Surface,38,Image 1,1,31108,
3.34399e+07,,Surface,38,Image 1,1,31109,
1.94115e+08,,Surface,38,Image 1,1,31111,
1.24571e+08,,Surface,38,Image 1,1,31112,
4.27158e+07,,Surface,38,Image 1,1,31113,
8.70939e+07,,Surface,38,Image 1,1,31114,
6.05977e+07,,Surface,38,Image 1,1,31115,
2.48039e+07,,Surface,38,Image 1,1,31116,
1.51724e+08,,Surface,38,Image 1,1,31117,
3.40564e+07,,Surface,38,Image 1,1,31118,
6.22754e+07,,Surface,38,Image 1,1,31119,
3.19132e+07,,Surface,38,Image 1,1,31120,
3.2678e+07,,Surface,38,Image 1,1,31121,
9.03271e+06,,Surface,38,Image 1,1,31122,
3.19998e+07,,Surface,38,Image 1,1,31123,
2.76234e+07,,Surface,38,Image 1,1,31124,
4.81264e+07,,Surface,38,Image 1,1,31125,
1.49189e+08,,Surface,38,Image 1,1,31126,
2.67816e+07,,Surface,38,Image 1,1,31127,
3.83586e+07,,Surface,38,Image 1,1,31128,
2.279e+07,,Surface,38,Image 1,1,31129,
4.71157e+07,,Surface,38,Image 1,1,31130,
3.17137e+07,,Surface,38,Image 1,1,31131,
3.50871e+07,,Surface,38,Image 1,1,31132,
1.65296e+08,,Surface,38,Image 1,1,31133,
2.56875e+07,,Surface,38,Image 1,1,31134,
4.10968e+07,,Surface,38,Image 1,1,31135,
2.84698e+07,,Surface,38,Image 1,1,31137,
3.58998e+06,,Surface,38,Image 1,1,31138,
2.79224e+07,,Surface,38,Image 1,1,31139,
5.76716e+07,,Surface,38,Image 1,1,31140,
4.76338e+07,,Surface,38,Image 1,1,31141,
5.09757e+07,,Surface,38,Image 1,1,31142,
9.88017e+07,,Surface,38,Image 1,1,31143,
1.85691e+07,,Surface,38,Image 1,1,31144,
1.93281e+08,,Surface,38,Image 1,1,31145,
1.39271e+07,,Surface,38,Image 1,1,31146,
6.05166e+06,,Surface,38,Image 1,1,31147,
1.3244e+08,,Surface,38,Image 1,1,31148,
9.88273e+06,,Surface,38,Image 1,1,31149,
1.04614e+08,,Surface,38,Image 1,1,31151,
4.00821e+07,,Surface,38,Image 1,1,31152,
1.25891e+07,,Surface,38,Image 1,1,31153,
5.91094e+06,,Surface,38,Image 1,1,31154,
3.84672e+06,,Surface,38,Image 1,1,31155,
5.19805e+07,,Surface,38,Image 1,1,31156,
4.41499e+07,,Surface,38,Image 1,1,31157,
2.88692e+07,,Surface,38,Image 1,1,31158,
1.36425e+07,,Surface,38,Image 1,1,31159,
2.96596e+07,,Surface,38,Image 1,1,31160,
7.48406e+07,,Surface,38,Image 1,1,31161,
5.55759e+06,,Surface,38,Image 1,1,31162,
2.06549e+08,,Surface,38,Image 1,1,31163,
3.35556e+07,,Surface,38,Image 1,1,31164,
2.42075e+07,,Surface,38,Image 1,1,31165,
1.56134e+08,,Surface,38,Image 1,1,31167,
7.99236e+06,,Surface,38,Image 1,1,31168,
6.30215e+07,,Surface,38,Image 1,1,31169,
1.26411e+08,,Surface,38,Image 1,1,31170,
1.04491e+08,,Surface,38,Image 1,1,31171,
1.22518e+08,,Surface,38,Image 1,1,31172,
1.0414e+08,,Surface,38,Image 1,1,31173,
2.58567e+07,,Surface,38,Image 1,1,31174,
2.55412e+07,,Surface,38,Image 1,1,31176,
1.9141e+07,,Surface,38,Image 1,1,31178,
8.28475e+07,,Surface,38,Image 1,1,31179,
1.97335e+07,,Surface,38,Image 1,1,31180,
4.96261e+06,,Surface,38,Image 1,1,31181,
5.76301e+07,,Surface,38,Image 1,1,31182,
2.24378e+07,,Surface,38,Image 1,1,31183,
1.0293e+08,,Surface,38,Image 1,1,31184,
3.93785e+07,,Surface,38,Image 1,1,31185,
2.15496e+08,,Surface,38,Image 1,1,31186,
2.93148e+07,,Surface,38,Image 1,1,31187,
1.575e+07,,Surface,38,Image 1,1,31188,
1.00783e+08,,Surface,38,Image 1,1,31190,
1.95176e+07,,Surface,38,Image 1,1,31191,
8.55672e+07,,Surface,38,Image 1,1,31192,
3.37389e+06,,Surface,38,Image 1,1,31193,
7.04457e+06,,Surface,38,Image 1,1,31194,
2.34737e+07,,Surface,38,Image 1,1,31195,
1.49491e+07,,Surface,38,Image 1,1,31196,
2.03597e+07,,Surface,38,Image 1,1,31197,
3.32071e+07,,Surface,38,Image 1,1,31199,
4.75046e+07,,Surface,38,Image 1,1,31200,
1.63961e+07,,Surface,38,Image 1,1,31201,
2.10487e+07,,Surface,38,Image 1,1,31202,
4.3343e+07,,Surface,38,Image 1,1,31203,
6.15606e+07,,Surface,38,Image 1,1,31204,
3.9462e+07,,Surface,38,Image 1,1,31205,
1.82205e+07,,Surface,38,Image 1,1,31207,
2.44534e+07,,Surface,38,Image 1,1,31208,
2.95227e+07,,Surface,38,Image 1,1,31209,
2.51334e+07,,Surface,38,Image 1,1,31210,
3.00412e+07,,Surface,38,Image 1,1,31211,
4.99429e+07,,Surface,38,Image 1,1,31212,
1.35496e+07,,Surface,38,Image 1,1,31213,
3.54767e+07,,Surface,38,Image 1,1,31214,
2.15603e+08,,Surface,38,Image 1,1,31215,
9.10544e+06,,Surface,38,Image 1,1,31217,
4.25122e+07,,Surface,38,Image 1,1,31219,
3.83192e+07,,Surface,38,Image 1,1,31220,
3.23649e+07,,Surface,38,Image 1,1,31221,
2.05371e+07,,Surface,38,Image 1,1,31222,
2.55383e+07,,Surface,38,Image 1,1,31223,
3.48386e+07,,Surface,38,Image 1,1,31224,
2.94072e+07,,Surface,38,Image 1,1,31225,
4.99845e+06,,Surface,38,Image 1,1,31226,
1.00653e+07,,Surface,38,Image 1,1,31227,
3.0111e+07,,Surface,38,Image 1,1,31228,
3.77309e+06,,Surface,38,Image 1,1,31229,
7.0835e+07,,Surface,38,Image 1,1,31230,
1.65454e+08,,Surface,38,Image 1,1,31231,
2.66459e+07,,Surface,38,Image 1,1,31232,
4.33581e+07,,Surface,38,Image 1,1,31233,
9.19715e+07,,Surface,38,Image 1,1,31234,
7.99932e+07,,Surface,38,Image 1,1,31235,
2.16181e+08,,Surface,38,Image 1,1,31236,
3.59436e+07,,Surface,38,Image 1,1,31237,
3.74202e+07,,Surface,38,Image 1,1,31238,
7.07508e+06,,Surface,38,Image 1,1,31239,
3.07083e+07,,Surface,38,Image 1,1,31240,
4.89151e+07,,Surface,38,Image 1,1,31242,
1.24783e+07,,Surface,38,Image 1,1,31243,
4.24436e+07,,Surface,38,Image 1,1,31244,
4.86946e+07,,Surface,38,Image 1,1,31245,
4.05711e+07,,Surface,38,Image 1,1,31246,
1.34714e+08,,Surface,38,Image 1,1,31247,
2.97573e+07,,Surface,38,Image 1,1,31248,
8.03388e+07,,Surface,38,Image 1,1,31249,
8.962e+07,,Surface,38,Image 1,1,31250,
2.11436e+07,,Surface,38,Image 1,1,31251,
4.51848e+07,,Surface,38,Image 1,1,31252,
1.07466e+08,,Surface,38,Image 1,1,31253,
1.11869e+07,,Surface,38,Image 1,1,31254,
2.65793e+07,,Surface,38,Image 1,1,31255,
8.0825e+07,,Surface,38,Image 1,1,31256,
2.9296e+07,,Surface,38,Image 1,1,31257,
4.37234e+07,,Surface,38,Image 1,1,31259,
3.20146e+07,,Surface,38,Image 1,1,31260,
6.40569e+07,,Surface,38,Image 1,1,31261,
6.20562e+07,,Surface,38,Image 1,1,31262,
4.33227e+07,,Surface,38,Image 1,1,31263,
8.44608e+06,,Surface,38,Image 1,1,31265,
2.4084e+07,,Surface,38,Image 1,1,31266,
4.78853e+07,,Surface,38,Image 1,1,31267,
5.53995e+07,,Surface,38,Image 1,1,31268,
1.40472e+08,,Surface,38,Image 1,1,31269,
8.92024e+07,,Surface,38,Image 1,1,31270,
1.27381e+07,,Surface,38,Image 1,1,31271,
3.49919e+07,,Surface,38,Image 1,1,31272,
1.00713e+07,,Surface,38,Image 1,1,31273,
1.79973e+08,,Surface,38,Image 1,1,31274,
8.72099e+07,,Surface,38,Image 1,1,31275,
1.58444e+07,,Surface,38,Image 1,1,31276,
2.7003e+07,,Surface,38,Image 1,1,31277,
3.97221e+07,,Surface,38,Image 1,1,31278,
3.57062e+07,,Surface,38,Image 1,1,31279,
8.30895e+06,,Surface,38,Image 1,1,31280,
4.51494e+07,,Surface,38,Image 1,1,31281,
1.87315e+08,,Surface,38,Image 1,1,31282,
1.09485e+07,,Surface,38,Image 1,1,31284,
6.46204e+07,,Surface,38,Image 1,1,31285,
2.81154e+07,,Surface,38,Image 1,1,31286,
1.15918e+08,,Surface,38,Image 1,1,31287,
4.8032e+07,,Surface,38,Image 1,1,31288,
1.15349e+07,,Surface,38,Image 1,1,31289,
6.89826e+07,,Surface,38,Image 1,1,31291,
3.10565e+07,,Surface,38,Image 1,1,31292,
2.21994e+07,,Surface,38,Image 1,1,31293,
3.92466e+07,,Surface,38,Image 1,1,31294,
9.40658e+06,,Surface,38,Image 1,1,31295,
3.77396e+07,,Surface,38,Image 1,1,31296,
4.58956e+06,,Surface,38,Image 1,1,31297,
6.91584e+07,,Surface,38,Image 1,1,31298,
2.91473e+07,,Surface,38,Image 1,1,31299,
7.17145e+07,,Surface,38,Image 1,1,31300,
1.64465e+07,,Surface,38,Image 1,1,31301,
3.15771e+07,,Surface,38,Image 1,1,31302,
1.77497e+07,,Surface,38,Image 1,1,31303,
6.37672e+06,,Surface,38,Image 1,1,31304,
1.17761e+07,,Surface,38,Image 1,1,31305,
4.78717e+07,,Surface,38,Image 1,1,31306,
7.11714e+07,,Surface,38,Image 1,1,31307,
6.86836e+07,,Surface,38,Image 1,1,31308,
2.53316e+07,,Surface,38,Image 1,1,31309,
3.50695e+07,,Surface,38,Image 1,1,31310,
4.57153e+07,,Surface,38,Image 1,1,31312,
1.83827e+07,,Surface,38,Image 1,1,31313,
4.98366e+07,,Surface,38,Image 1,1,31314,
6.3193e+06,,Surface,38,Image 1,1,31315,
3.8992e+07,,Surface,38,Image 1,1,31316,
5.38991e+07,,Surface,38,Image 1,1,31317,
3.22171e+07,,Surface,38,Image 1,1,31318,
1.75756e+07,,Surface,38,Image 1,1,31319,
1.65274e+08,,Surface,38,Image 1,1,31320,
2.76242e+07,,Surface,38,Image 1,1,31321,
2.86847e+07,,Surface,38,Image 1,1,31323,
7.05622e+06,,Surface,38,Image 1,1,31324,
4.9725e+07,,Surface,38,Image 1,1,31325,
1.50817e+08,,Surface,38,Image 1,1,31326,
2.24497e+07,,Surface,38,Image 1,1,31327,
7.46485e+06,,Surface,38,Image 1,1,31328,
2.7834e+07,,Surface,38,Image 1,1,31329,
3.96834e+07,,Surface,38,Image 1,1,31330,
5.85695e+07,,Surface,38,Image 1,1,31331,
1.97797e+07,,Surface,38,Image 1,1,31332,
2.47792e+07,,Surface,38,Image 1,1,31333,
1.50637e+08,,Surface,38,Image 1,1,31334,
2.06255e+07,,Surface,38,Image 1,1,31335,
3.69624e+07,,Surface,38,Image 1,1,31336,
2.33254e+08,,Surface,38,Image 1,1,31337,
1.49984e+07,,Surface,38,Image 1,1,31338,
1.16416e+07,,Surface,38,Image 1,1,31339,
2.19705e+07,,Surface,38,Image 1,1,31340,
3.23657e+07,,Surface,38,Image 1,1,31341,
3.42975e+07,,Surface,38,Image 1,1,31342,
2.19291e+07,,Surface,38,Image 1,1,31343,
1.53515e+07,,Surface,38,Image 1,1,31344,
1.09278e+07,,Surface,38,Image 1,1,31345,
4.48859e+07,,Surface,38,Image 1,1,31347,
7.44921e+06,,Surface,38,Image 1,1,31348,
5.28761e+07,,Surface,38,Image 1,1,31349,
2.58165e+07,,Surface,38,Image 1,1,31350,
3.4377e+07,,Surface,38,Image 1,1,31351,
1.01409e+07,,Surface,38,Image 1,1,31352,
4.62455e+07,,Surface,38,Image 1,1,31353,
2.21964e+08,,Surface,38,Image 1,1,31354,
5.061e+07,,Surface,38,Image 1,1,31355,
4.51966e+07,,Surface,38,Image 1,1,31356,
1.541e+08,,Surface,38,Image 1,1,31357,
2.02626e+07,,Surface,38,Image 1,1,31358,
4.6857e+07,,Surface,38,Image 1,1,31359,
1.06293e+07,,Surface,38,Image 1,1,31360,
2.81732e+07,,Surface,38,Image 1,1,31361,
6.3131e+07,,Surface,38,Image 1,1,31362,
8.60285e+07,,Surface,38,Image 1,1,31363,
5.0091e+06,,Surface,38,Image 1,1,31364,
1.21175e+07,,Surface,38,Image 1,1,31365,
2.28267e+07,,Surface,38,Image 1,1,31366,
4.90254e+07,,Surface,38,Image 1,1,31370,
4.66197e+07,,Surface,38,Image 1,1,31371,
3.0677e+07,,Surface,38,Image 1,1,31372,
3.13294e+07,,Surface,38,Image 1,1,31373,
5.20916e+07,,Surface,38,Image 1,1,31374,
5.91333e+07,,Surface,38,Image 1,1,31375,
1.11756e+08,,Surface,38,Image 1,1,31376,
2.09146e+08,,Surface,38,Image 1,1,31377,
6.56526e+07,,Surface,38,Image 1,1,31378,
1.51003e+08,,Surface,38,Image 1,1,31379,
2.07413e+07,,Surface,38,Image 1,1,31380,
3.43432e+07,,Surface,38,Image 1,1,31381,
4.24011e+07,,Surface,38,Image 1,1,31382,
2.25028e+07,,Surface,38,Image 1,1,31383,
4.78261e+07,,Surface,38,Image 1,1,31384,
2.31358e+07,,Surface,38,Image 1,1,31385,
9.3967e+07,,Surface,38,Image 1,1,31386,
4.67064e+07,,Surface,38,Image 1,1,31387,
7.88101e+07,,Surface,38,Image 1,1,31388,
5.93905e+07,,Surface,38,Image 1,1,31390,
6.91679e+07,,Surface,38,Image 1,1,31391,
2.84643e+07,,Surface,38,Image 1,1,31392,
1.63506e+07,,Surface,38,Image 1,1,31393,
6.1295e+07,,Surface,38,Image 1,1,31394,
8.81843e+07,,Surface,38,Image 1,1,31395,
2.45841e+07,,Surface,38,Image 1,1,31397,
5.46488e+07,,Surface,38,Image 1,1,31398,
3.84474e+07,,Surface,38,Image 1,1,31399,
5.39115e+07,,Surface,38,Image 1,1,31400,
1.44808e+08,,Surface,38,Image 1,1,31401,
2.6906e+07,,Surface,38,Image 1,1,31402,
3.73236e+07,,Surface,38,Image 1,1,31404,
7.83671e+07,,Surface,38,Image 1,1,31405,
2.18556e+08,,Surface,38,Image 1,1,31407,
2.93405e+07,,Surface,38,Image 1,1,31408,
2.68145e+07,,Surface,38,Image 1,1,31409,
1.16154e+06,,Surface,38,Image 1,1,31410,
2.29379e+07,,Surface,38,Image 1,1,31411,
1.37683e+08,,Surface,38,Image 1,1,31412,
1.09233e+08,,Surface,38,Image 1,1,31413,
2.17915e+07,,Surface,38,Image 1,1,31414,
3.84244e+07,,Surface,38,Image 1,1,31415,
8.37928e+07,,Surface,38,Image 1,1,31416,
1.26343e+07,,Surface,38,Image 1,1,31417,
2.44861e+07,,Surface,38,Image 1,1,31418,
1.72831e+08,,Surface,38,Image 1,1,31419,
7.20257e+07,,Surface,38,Image 1,1,31420,
1.90828e+06,,Surface,38,Image 1,1,31422,
6.18471e+07,,Surface,38,Image 1,1,31423,
1.14096e+08,,Surface,38,Image 1,1,31424,
2.39559e+07,,Surface,38,Image 1,1,31426,
2.87183e+07,,Surface,38,Image 1,1,31427,
1.08275e+07,,Surface,38,Image 1,1,31428,
3.6779e+07,,Surface,38,Image 1,1,31429,
6.3934e+07,,Surface,38,Image 1,1,31430,
4.0923e+07,,Surface,38,Image 1,1,31431,
5.96054e+07,,Surface,38,Image 1,1,31432,
8.60492e+07,,Surface,38,Image 1,1,31433,
5.52805e+07,,Surface,38,Image 1,1,31434,
4.6063e+07,,Surface,38,Image 1,1,31435,
3.85799e+07,,Surface,38,Image 1,1,31437,
1.33699e+08,,Surface,38,Image 1,1,31438,
1.0246e+07,,Surface,38,Image 1,1,31440,
7.62869e+07,,Surface,38,Image 1,1,31441,
1.29885e+07,,Surface,38,Image 1,1,31442,
4.11437e+07,,Surface,38,Image 1,1,31443,
2.044e+07,,Surface,38,Image 1,1,31444,
7.4764e+07,,Surface,38,Image 1,1,31445,
3.99885e+07,,Surface,38,Image 1,1,31446,
5.58903e+07,,Surface,38,Image 1,1,31447,
1.34732e+08,,Surface,38,Image 1,1,31448,
6.02206e+07,,Surface,38,Image 1,1,31450,
3.44509e+07,,Surface,38,Image 1,1,31451,
1.22395e+07,,Surface,38,Image 1,1,31452,
4.03415e+07,,Surface,38,Image 1,1,31453,
7.02338e+07,,Surface,38,Image 1,1,31454,
4.25808e+07,,Surface,38,Image 1,1,31455,
3.31923e+07,,Surface,38,Image 1,1,31456,
3.40732e+07,,Surface,38,Image 1,1,31457,
6.348e+07,,Surface,38,Image 1,1,31458,
4.14169e+07,,Surface,38,Image 1,1,31459,
3.69418e+07,,Surface,38,Image 1,1,31460,
4.58066e+07,,Surface,38,Image 1,1,31461,
1.2754e+08,,Surface,38,Image 1,1,31462,
4.93287e+07,,Surface,38,Image 1,1,31463,
4.50841e+07,,Surface,38,Image 1,1,31464,
6.36805e+07,,Surface,38,Image 1,1,31465,
1.41612e+07,,Surface,38,Image 1,1,31466,
4.21912e+07,,Surface,38,Image 1,1,31467,
1.13017e+08,,Surface,38,Image 1,1,31468,
2.84788e+07,,Surface,38,Image 1,1,31469,
8.94648e+06,,Surface,38,Image 1,1,31470,
2.30674e+07,,Surface,38,Image 1,1,31471,
1.672e+07,,Surface,38,Image 1,1,31472,
5.37347e+07,,Surface,38,Image 1,1,31473,
4.02231e+07,,Surface,38,Image 1,1,31474,
3.64246e+07,,Surface,38,Image 1,1,31475,
4.30514e+07,,Surface,38,Image 1,1,31476,
5.12784e+07,,Surface,38,Image 1,1,31477,
3.28557e+07,,Surface,38,Image 1,1,31478,
3.32133e+07,,Surface,38,Image 1,1,31479,
4.66369e+07,,Surface,38,Image 1,1,31480,
1.87073e+07,,Surface,38,Image 1,1,31481,
2.13695e+07,,Surface,38,Image 1,1,31482,
6.14632e+07,,Surface,38,Image 1,1,31483,
1.76971e+07,,Surface,38,Image 1,1,31484,
9.82808e+07,,Surface,38,Image 1,1,31485,
8.5058e+07,,Surface,38,Image 1,1,31486,
2.82359e+07,,Surface,38,Image 1,1,31487,
6.35934e+07,,Surface,38,Image 1,1,31488,
5.38021e+06,,Surface,38,Image 1,1,31490,
3.33395e+07,,Surface,38,Image 1,1,31491,
3.89435e+07,,Surface,38,Image 1,1,31492,
7.07168e+07,,Surface,38,Image 1,1,31495,
3.80749e+07,,Surface,38,Image 1,1,31497,
3.24912e+07,,Surface,38,Image 1,1,31498,
6.84339e+06,,Surface,38,Image 1,1,31499,
2.01869e+07,,Surface,38,Image 1,1,31500,
1.65737e+07,,Surface,38,Image 1,1,31501,
2.08862e+07,,Surface,38,Image 1,1,31502,
1.36975e+07,,Surface,38,Image 1,1,31503,
1.46194e+08,,Surface,38,Image 1,1,31504,
6.49635e+07,,Surface,38,Image 1,1,31505,
2.48826e+07,,Surface,38,Image 1,1,31506,
4.98069e+07,,Surface,38,Image 1,1,31507,
1.28454e+08,,Surface,38,Image 1,1,31508,
1.17684e+07,,Surface,38,Image 1,1,31509,
3.08063e+07,,Surface,38,Image 1,1,31510,
1.73463e+08,,Surface,38,Image 1,1,31512,
2.33593e+07,,Surface,38,Image 1,1,31513,
3.82932e+07,,Surface,38,Image 1,1,31514,
8.33109e+07,,Surface,38,Image 1,1,31515,
9.12925e+07,,Surface,38,Image 1,1,31516,
2.4153e+07,,Surface,38,Image 1,1,31517,
2.03595e+08,,Surface,38,Image 1,1,31518,
1.11679e+07,,Surface,38,Image 1,1,31519,
3.39424e+07,,Surface,38,Image 1,1,31520,
4.56321e+07,,Surface,38,Image 1,1,31522,
9.08031e+07,,Surface,38,Image 1,1,31523,
3.66126e+07,,Surface,38,Image 1,1,31524,
1.16997e+07,,Surface,38,Image 1,1,31525,
7.03012e+07,,Surface,38,Image 1,1,31526,
3.50408e+07,,Surface,38,Image 1,1,31527,
1.20846e+08,,Surface,38,Image 1,1,31528,
1.34273e+08,,Surface,38,Image 1,1,31529,
3.75969e+06,,Surface,38,Image 1,1,31531,
1.08322e+07,,Surface,38,Image 1,1,31532,
1.17912e+07,,Surface,38,Image 1,1,31533,
1.46173e+07,,Surface,38,Image 1,1,31534,
2.7091e+07,,Surface,38,Image 1,1,31535,
6.5648e+07,,Surface,38,Image 1,1,31536,
2.5579e+07,,Surface,38,Image 1,1,31538,
3.03304e+07,,Surface,38,Image 1,1,31539,
1.02251e+08,,Surface,38,Image 1,1,31540,
3.88389e+07,,Surface,38,Image 1,1,31541,
1.03499e+07,,Surface,38,Image 1,1,31542,
2.24802e+07,,Surface,38,Image 1,1,31543,
1.47133e+08,,Surface,38,Image 1,1,31545,
1.09903e+07,,Surface,38,Image 1,1,31546,
1.76011e+07,,Surface,38,Image 1,1,31547,
5.46248e+07,,Surface,38,Image 1,1,31548,
2.90482e+07,,Surface,38,Image 1,1,31549,
4.11436e+06,,Surface,38,Image 1,1,31550,
2.39045e+08,,Surface,38,Image 1,1,31551,
8.83298e+07,,Surface,38,Image 1,1,31553,
7.99046e+07,,Surface,38,Image 1,1,31554,
1.32131e+08,,Surface,38,Image 1,1,31555,
4.63671e+07,,Surface,38,Image 1,1,31556,
7.91892e+07,,Surface,38,Image 1,1,31557,
1.25987e+07,,Surface,38,Image 1,1,31558,
3.64462e+07,,Surface,38,Image 1,1,31559,
7.26276e+07,,Surface,38,Image 1,1,31560,
1.3186e+08,,Surface,38,Image 1,1,31562,
317422,,Surface,38,Image 1,1,31563,
7.42542e+07,,Surface,38,Image 1,1,31564,
8.32441e+07,,Surface,38,Image 1,1,31565,
2.77472e+07,,Surface,38,Image 1,1,31566,
8.17911e+07,,Surface,38,Image 1,1,31567,
3.2075e+07,,Surface,38,Image 1,1,31568,
1.23536e+07,,Surface,38,Image 1,1,31569,
1.89547e+07,,Surface,38,Image 1,1,31570,
8.69534e+07,,Surface,38,Image 1,1,31571,
2.63779e+07,,Surface,38,Image 1,1,31572,
5.86458e+07,,Surface,38,Image 1,1,31573,
2.97681e+07,,Surface,38,Image 1,1,31574,
3.20683e+07,,Surface,38,Image 1,1,31575,
1.22612e+07,,Surface,38,Image 1,1,31576,
9.60298e+06,,Surface,38,Image 1,1,31577,
1.85968e+07,,Surface,38,Image 1,1,31578,
6.20168e+07,,Surface,38,Image 1,1,31579,
3.97957e+07,,Surface,38,Image 1,1,31580,
2.12709e+07,,Surface,38,Image 1,1,31581,
5.46479e+07,,Surface,38,Image 1,1,31582,
3.83997e+07,,Surface,38,Image 1,1,31583,
3.18421e+07,,Surface,38,Image 1,1,31584,
2.75448e+07,,Surface,38,Image 1,1,31585,
2.37267e+07,,Surface,38,Image 1,1,31586,
8.27426e+07,,Surface,38,Image 1,1,31587,
2.62651e+07,,Surface,38,Image 1,1,31588,
9.49658e+07,,Surface,38,Image 1,1,31589,
561506,,Surface,38,Image 1,1,31590,
9.76796e+07,,Surface,38,Image 1,1,31591,
894143,,Surface,38,Image 1,1,31592,
8.89306e+06,,Surface,38,Image 1,1,31593,
7.19211e+07,,Surface,38,Image 1,1,31594,
1.72399e+08,,Surface,38,Image 1,1,31595,
1.51023e+07,,Surface,38,Image 1,1,31596,
3.77509e+06,,Surface,38,Image 1,1,31597,
8.08657e+07,,Surface,38,Image 1,1,31598,
2.04876e+07,,Surface,38,Image 1,1,31599,
2.67658e+07,,Surface,38,Image 1,1,31600,
4.84909e+06,,Surface,38,Image 1,1,31601,
9.56314e+06,,Surface,38,Image 1,1,31603,
7.94643e+07,,Surface,38,Image 1,1,31604,
1.23206e+07,,Surface,38,Image 1,1,31605,
1.8739e+07,,Surface,38,Image 1,1,31606,
3.9802e+07,,Surface,38,Image 1,1,31607,
9.00318e+07,,Surface,38,Image 1,1,31610,
9.09855e+07,,Surface,38,Image 1,1,31612,
3.99079e+07,,Surface,38,Image 1,1,31613,
3.39821e+07,,Surface,38,Image 1,1,31614,
1.36222e+07,,Surface,38,Image 1,1,31615,
3.15316e+06,,Surface,38,Image 1,1,31616,
1.0421e+07,,Surface,38,Image 1,1,31617,
1.13701e+08,,Surface,38,Image 1,1,31619,
4.31148e+07,,Surface,38,Image 1,1,31620,
1.86042e+07,,Surface,38,Image 1,1,31621,
2.91233e+07,,Surface,38,Image 1,1,31622,
2.92384e+07,,Surface,38,Image 1,1,31623,
3.7098e+07,,Surface,38,Image 1,1,31624,
4.8888e+07,,Surface,38,Image 1,1,31625,
5.50046e+07,,Surface,38,Image 1,1,31626,
3.03651e+07,,Surface,38,Image 1,1,31627,
2.11632e+07,,Surface,38,Image 1,1,31628,
4.15461e+07,,Surface,38,Image 1,1,31629,
4.66103e+07,,Surface,38,Image 1,1,31630,
2.5323e+07,,Surface,38,Image 1,1,31631,
5.77347e+07,,Surface,38,Image 1,1,31632,
3.15936e+07,,Surface,38,Image 1,1,31633,
2.97907e+07,,Surface,38,Image 1,1,31634,
1.41352e+07,,Surface,38,Image 1,1,31635,
1.72332e+07,,Surface,38,Image 1,1,31639,
1.99267e+07,,Surface,38,Image 1,1,31640,
5.72792e+07,,Surface,38,Image 1,1,31641,
4.40324e+07,,Surface,38,Image 1,1,31642,
1.57828e+07,,Surface,38,Image 1,1,31643,
4.33729e+07,,Surface,38,Image 1,1,31644,
1.0997e+07,,Surface,38,Image 1,1,31646,
3.46945e+07,,Surface,38,Image 1,1,31647,
3.53742e+07,,Surface,38,Image 1,1,31648,
1.34747e+07,,Surface,38,Image 1,1,31649,
2.01011e+07,,Surface,38,Image 1,1,31650,
1.85048e+07,,Surface,38,Image 1,1,31651,
3.75511e+07,,Surface,38,Image 1,1,31652,
1.09429e+08,,Surface,38,Image 1,1,31653,
1.40185e+07,,Surface,38,Image 1,1,31654,
1.29699e+08,,Surface,38,Image 1,1,31655,
5.76647e+07,,Surface,38,Image 1,1,31656,
6.28827e+07,,Surface,38,Image 1,1,31657,
1.57479e+07,,Surface,38,Image 1,1,31658,
1.34686e+07,,Surface,38,Image 1,1,31659,
2.56596e+07,,Surface,38,Image 1,1,31660,
2.78327e+07,,Surface,38,Image 1,1,31661,
1.90059e+07,,Surface,38,Image 1,1,31662,
2.21562e+07,,Surface,38,Image 1,1,31664,
4.29001e+07,,Surface,38,Image 1,1,31665,
2.82523e+07,,Surface,38,Image 1,1,31666,
6.53287e+07,,Surface,38,Image 1,1,31667,
5.64703e+07,,Surface,38,Image 1,1,31668,
5.25756e+07,,Surface,38,Image 1,1,31670,
3.34409e+07,,Surface,38,Image 1,1,31671,
2.16303e+07,,Surface,38,Image 1,1,31672,
9.63365e+07,,Surface,38,Image 1,1,31673,
1.92324e+07,,Surface,38,Image 1,1,31674,
1.6935e+07,,Surface,38,Image 1,1,31675,
4.50103e+06,,Surface,38,Image 1,1,31676,
4.13644e+07,,Surface,38,Image 1,1,31677,
2.71499e+07,,Surface,38,Image 1,1,31678,
1.82976e+08,,Surface,38,Image 1,1,31679,
5.23502e+07,,Surface,38,Image 1,1,31680,
1.01697e+07,,Surface,38,Image 1,1,31681,
2.3216e+07,,Surface,38,Image 1,1,31682,
3.41289e+07,,Surface,38,Image 1,1,31683,
2.87597e+07,,Surface,38,Image 1,1,31684,
1.06438e+06,,Surface,38,Image 1,1,31685,
2.10867e+07,,Surface,38,Image 1,1,31686,
6.83061e+06,,Surface,38,Image 1,1,31687,
1.00288e+07,,Surface,38,Image 1,1,31688,
7.75681e+07,,Surface,38,Image 1,1,31689,
4.91218e+08,,Surface,38,Image 1,1,31690,
2.77961e+07,,Surface,38,Image 1,1,31691,
2.75931e+07,,Surface,38,Image 1,1,31692,
3.7161e+07,,Surface,38,Image 1,1,31693,
1.27492e+07,,Surface,38,Image 1,1,31694,
6.80901e+06,,Surface,38,Image 1,1,31696,
1.60183e+07,,Surface,38,Image 1,1,31697,
5.19849e+07,,Surface,38,Image 1,1,31698,
2.62278e+07,,Surface,38,Image 1,1,31700,
4.33421e+07,,Surface,38,Image 1,1,31701,
2.53336e+07,,Surface,38,Image 1,1,31702,
1.99216e+07,,Surface,38,Image 1,1,31703,
6.81715e+07,,Surface,38,Image 1,1,31704,
4.45938e+07,,Surface,38,Image 1,1,31705,
2.59049e+07,,Surface,38,Image 1,1,31706,
4.52772e+07,,Surface,38,Image 1,1,31707,
3.72076e+07,,Surface,38,Image 1,1,31708,
3.61569e+07,,Surface,38,Image 1,1,31709,
3.52422e+07,,Surface,38,Image 1,1,31710,
2.68875e+07,,Surface,38,Image 1,1,31711,
7.09362e+06,,Surface,38,Image 1,1,31712,
8.47409e+06,,Surface,38,Image 1,1,31714,
5.77106e+07,,Surface,38,Image 1,1,31715,
5.21401e+07,,Surface,38,Image 1,1,31716,
6.96863e+07,,Surface,38,Image 1,1,31717,
3.9582e+07,,Surface,38,Image 1,1,31719,
1.80395e+07,,Surface,38,Image 1,1,31722,
5.29073e+07,,Surface,38,Image 1,1,31723,
2.88885e+07,,Surface,38,Image 1,1,31724,
7.33146e+07,,Surface,38,Image 1,1,31725,
1.163e+08,,Surface,38,Image 1,1,31726,
4.70736e+07,,Surface,38,Image 1,1,31728,
6.07652e+07,,Surface,38,Image 1,1,31729,
2.12279e+07,,Surface,38,Image 1,1,31730,
6.14176e+07,,Surface,38,Image 1,1,31731,
5.57397e+06,,Surface,38,Image 1,1,31732,
3.58771e+07,,Surface,38,Image 1,1,31734,
4.49965e+07,,Surface,38,Image 1,1,31735,
1.80909e+07,,Surface,38,Image 1,1,31737,
2.16552e+07,,Surface,38,Image 1,1,31739,
4.59237e+07,,Surface,38,Image 1,1,31740,
4.44823e+07,,Surface,38,Image 1,1,31741,
6.19555e+07,,Surface,38,Image 1,1,31742,
5.57514e+07,,Surface,38,Image 1,1,31743,
1.51308e+07,,Surface,38,Image 1,1,31744,
1.66614e+07,,Surface,38,Image 1,1,31745,
1.67299e+07,,Surface,38,Image 1,1,31746,
2.32256e+07,,Surface,38,Image 1,1,31747,
9.20961e+07,,Surface,38,Image 1,1,31748,
7.10188e+07,,Surface,38,Image 1,1,31749,
3.42051e+07,,Surface,38,Image 1,1,31750,
6.88851e+07,,Surface,38,Image 1,1,31751,
2.73581e+07,,Surface,38,Image 1,1,31752,
4.37891e+07,,Surface,38,Image 1,1,31753,
9.09708e+07,,Surface,38,Image 1,1,31754,
1.13401e+07,,Surface,38,Image 1,1,31755,
4.48938e+07,,Surface,38,Image 1,1,31756,
3.07249e+07,,Surface,38,Image 1,1,31757,
2.59159e+07,,Surface,38,Image 1,1,31758,
6.93689e+07,,Surface,38,Image 1,1,31760,
3.14807e+07,,Surface,38,Image 1,1,31761,
3.82839e+07,,Surface,38,Image 1,1,31762,
9.49336e+06,,Surface,38,Image 1,1,31763,
9.13354e+06,,Surface,38,Image 1,1,31764,
2.76867e+07,,Surface,38,Image 1,1,31765,
6.07459e+07,,Surface,38,Image 1,1,31766,
5.90334e+07,,Surface,38,Image 1,1,31767,
5.18943e+06,,Surface,38,Image 1,1,31768,
1.15403e+07,,Surface,38,Image 1,1,31769,
9.0954e+07,,Surface,38,Image 1,1,31770,
6.6686e+07,,Surface,38,Image 1,1,31771,
2.43228e+07,,Surface,38,Image 1,1,31772,
6.23089e+07,,Surface,38,Image 1,1,31773,
7.52276e+07,,Surface,38,Image 1,1,31774,
3.27976e+07,,Surface,38,Image 1,1,31776,
2.28827e+07,,Surface,38,Image 1,1,31777,
6.96503e+07,,Surface,38,Image 1,1,31779,
4.61646e+07,,Surface,38,Image 1,1,31780,
2.88874e+07,,Surface,38,Image 1,1,31781,
4.08019e+07,,Surface,38,Image 1,1,31782,
7.97945e+07,,Surface,38,Image 1,1,31784,
3.51357e+07,,Surface,38,Image 1,1,31785,
2.42067e+07,,Surface,38,Image 1,1,31786,
2.23589e+07,,Surface,38,Image 1,1,31787,
3.02553e+07,,Surface,38,Image 1,1,31788,
1.80852e+07,,Surface,38,Image 1,1,31789,
5.23255e+07,,Surface,38,Image 1,1,31790,
1.44301e+07,,Surface,38,Image 1,1,31791,
4.41441e+07,,Surface,38,Image 1,1,31792,
8.07986e+06,,Surface,38,Image 1,1,31793,
6.9744e+07,,Surface,38,Image 1,1,31794,
6.77106e+07,,Surface,38,Image 1,1,31795,
1.68545e+07,,Surface,38,Image 1,1,31796,
4.94081e+07,,Surface,38,Image 1,1,31798,
3.96324e+07,,Surface,38,Image 1,1,31799,
7.59645e+06,,Surface,38,Image 1,1,31800,
1.81241e+07,,Surface,38,Image 1,1,31801,
5.36158e+07,,Surface,38,Image 1,1,31802,
283330,,Surface,38,Image 1,1,31803,
1.87124e+07,,Surface,38,Image 1,1,31804,
8.02493e+07,,Surface,38,Image 1,1,31805,
8.79347e+06,,Surface,38,Image 1,1,31806,
2.5831e+07,,Surface,38,Image 1,1,31807,
1.03102e+08,,Surface,38,Image 1,1,31808,
3.93057e+07,,Surface,38,Image 1,1,31809,
2.40892e+07,,Surface,38,Image 1,1,31810,
2.93733e+07,,Surface,38,Image 1,1,31811,
4.22793e+07,,Surface,38,Image 1,1,31812,
6.58307e+07,,Surface,38,Image 1,1,31813,
2.84115e+07,,Surface,38,Image 1,1,31814,
1.87092e+07,,Surface,38,Image 1,1,31815,
2.17228e+07,,Surface,38,Image 1,1,31816,
7.06576e+07,,Surface,38,Image 1,1,31817,
1.44304e+07,,Surface,38,Image 1,1,31818,
1.50303e+07,,Surface,38,Image 1,1,31819,
3.18775e+07,,Surface,38,Image 1,1,31820,
5.02727e+06,,Surface,38,Image 1,1,31823,
1.42449e+07,,Surface,38,Image 1,1,31824,
1.74357e+07,,Surface,38,Image 1,1,31825,
7.1035e+07,,Surface,38,Image 1,1,31826,
1.75709e+08,,Surface,38,Image 1,1,31827,
1.12629e+08,,Surface,38,Image 1,1,31828,
3.67394e+07,,Surface,38,Image 1,1,31829,
1.45292e+07,,Surface,38,Image 1,1,31830,
2.33945e+07,,Surface,38,Image 1,1,31831,
1.54811e+07,,Surface,38,Image 1,1,31832,
3.32411e+07,,Surface,38,Image 1,1,31833,
5.22478e+07,,Surface,38,Image 1,1,31834,
5.41162e+07,,Surface,38,Image 1,1,31835,
1.95211e+08,,Surface,38,Image 1,1,31836,
1.56832e+07,,Surface,38,Image 1,1,31837,
1.39917e+08,,Surface,38,Image 1,1,31838,
3.3724e+07,,Surface,38,Image 1,1,31839,
1.40433e+07,,Surface,38,Image 1,1,31840,
3.23464e+07,,Surface,38,Image 1,1,31841,
3.12964e+07,,Surface,38,Image 1,1,31842,
1.53168e+08,,Surface,38,Image 1,1,31843,
2.63579e+07,,Surface,38,Image 1,1,31844,
4.52758e+07,,Surface,38,Image 1,1,31845,
4.72031e+06,,Surface,38,Image 1,1,31846,
4.28617e+07,,Surface,38,Image 1,1,31847,
2.22837e+07,,Surface,38,Image 1,1,31848,
1.34693e+07,,Surface,38,Image 1,1,31850,
2.96056e+07,,Surface,38,Image 1,1,31851,
2.32894e+07,,Surface,38,Image 1,1,31852,
1.00197e+07,,Surface,38,Image 1,1,31853,
9.24765e+07,,Surface,38,Image 1,1,31854,
5.11299e+07,,Surface,38,Image 1,1,31855,
6.00029e+07,,Surface,38,Image 1,1,31856,
6.32496e+07,,Surface,38,Image 1,1,31858,
9.73833e+07,,Surface,38,Image 1,1,31859,
1.16381e+08,,Surface,38,Image 1,1,31860,
5.73316e+06,,Surface,38,Image 1,1,31861,
4.2908e+06,,Surface,38,Image 1,1,31862,
5.58783e+07,,Surface,38,Image 1,1,31865,
2.9266e+07,,Surface,38,Image 1,1,31866,
8.05124e+07,,Surface,38,Image 1,1,31867,
3.59411e+07,,Surface,38,Image 1,1,31868,
1.14808e+08,,Surface,38,Image 1,1,31869,
8.29281e+07,,Surface,38,Image 1,1,31870,
3.68392e+07,,Surface,38,Image 1,1,31872,
4.48792e+07,,Surface,38,Image 1,1,31873,
4.64564e+07,,Surface,38,Image 1,1,31874,
1.86364e+07,,Surface,38,Image 1,1,31876,
2.26051e+07,,Surface,38,Image 1,1,31877,
4.6082e+07,,Surface,38,Image 1,1,31878,
1.1722e+07,,Surface,38,Image 1,1,31879,
6.79871e+07,,Surface,38,Image 1,1,31880,
2.76378e+07,,Surface,38,Image 1,1,31881,
4.12384e+07,,Surface,38,Image 1,1,31882,
4.33133e+07,,Surface,38,Image 1,1,31883,
1.07614e+07,,Surface,38,Image 1,1,31884,
5.66157e+07,,Surface,38,Image 1,1,31885,
3.75651e+07,,Surface,38,Image 1,1,31886,
3.91563e+07,,Surface,38,Image 1,1,31887,
4.91933e+07,,Surface,38,Image 1,1,31888,
3.13872e+07,,Surface,38,Image 1,1,31889,
2.27134e+07,,Surface,38,Image 1,1,31890,
4.97114e+07,,Surface,38,Image 1,1,31891,
1.90411e+07,,Surface,38,Image 1,1,31892,
5.31364e+07,,Surface,38,Image 1,1,31893,
2.34037e+07,,Surface,38,Image 1,1,31895,
5.3812e+07,,Surface,38,Image 1,1,31896,
7.01121e+07,,Surface,38,Image 1,1,31897,
3.34308e+07,,Surface,38,Image 1,1,31898,
7.7684e+07,,Surface,38,Image 1,1,31899,
2.79337e+06,,Surface,38,Image 1,1,31900,
9.68356e+06,,Surface,38,Image 1,1,31901,
4.6523e+07,,Surface,38,Image 1,1,31902,
1.34183e+07,,Surface,38,Image 1,1,31903,
3.09165e+07,,Surface,38,Image 1,1,31904,
1.73974e+07,,Surface,38,Image 1,1,31905,
2.0734e+07,,Surface,38,Image 1,1,31906,
7.23117e+06,,Surface,38,Image 1,1,31908,
2.96517e+07,,Surface,38,Image 1,1,31909,
7.6104e+07,,Surface,38,Image 1,1,31910,
3.28576e+07,,Surface,38,Image 1,1,31912,
1.50527e+07,,Surface,38,Image 1,1,31913,
7.74975e+07,,Surface,38,Image 1,1,31914,
3.63901e+07,,Surface,38,Image 1,1,31915,
5.84063e+07,,Surface,38,Image 1,1,31916,
1.42814e+08,,Surface,38,Image 1,1,31917,
1.18317e+08,,Surface,38,Image 1,1,31918,
1.69381e+07,,Surface,38,Image 1,1,31919,
2.82005e+07,,Surface,38,Image 1,1,31920,
2.51838e+07,,Surface,38,Image 1,1,31921,
4.36025e+06,,Surface,38,Image 1,1,31922,
3.22942e+07,,Surface,38,Image 1,1,31923,
2.69021e+07,,Surface,38,Image 1,1,31924,
1.1758e+08,,Surface,38,Image 1,1,31925,
8.73838e+06,,Surface,38,Image 1,1,31927,
8.61667e+07,,Surface,38,Image 1,1,31928,
3.24134e+07,,Surface,38,Image 1,1,31929,
4.58777e+07,,Surface,38,Image 1,1,31930,
8.10477e+06,,Surface,38,Image 1,1,31931,
6.39949e+07,,Surface,38,Image 1,1,31932,
7.929e+07,,Surface,38,Image 1,1,31934,
1.34962e+07,,Surface,38,Image 1,1,31935,
1.26252e+08,,Surface,38,Image 1,1,31936,
2.26486e+07,,Surface,38,Image 1,1,31937,
4.34047e+07,,Surface,38,Image 1,1,31938,
2.81216e+07,,Surface,38,Image 1,1,31939,
4.13949e+07,,Surface,38,Image 1,1,31940,
1.77543e+07,,Surface,38,Image 1,1,31941,
1.94671e+07,,Surface,38,Image 1,1,31942,
6.19387e+07,,Surface,38,Image 1,1,31943,
4.39628e+07,,Surface,38,Image 1,1,31945,
2.96243e+07,,Surface,38,Image 1,1,31946,
2.14772e+07,,Surface,38,Image 1,1,31947,
3.37117e+07,,Surface,38,Image 1,1,31948,
2.21335e+07,,Surface,38,Image 1,1,31949,
1.87732e+07,,Surface,38,Image 1,1,31950,
3.26782e+07,,Surface,38,Image 1,1,31951,
4.93908e+07,,Surface,38,Image 1,1,31953,
8.09866e+06,,Surface,38,Image 1,1,31954,
4.54142e+07,,Surface,38,Image 1,1,31955,
9.228e+07,,Surface,38,Image 1,1,31956,
7.09168e+07,,Surface,38,Image 1,1,31957,
9.34897e+07,,Surface,38,Image 1,1,31958,
4.48021e+07,,Surface,38,Image 1,1,31959,
2.61081e+07,,Surface,38,Image 1,1,31961,
1.15794e+07,,Surface,38,Image 1,1,31963,
5.00614e+07,,Surface,38,Image 1,1,31964,
2.3995e+07,,Surface,38,Image 1,1,31967,
4.26994e+07,,Surface,38,Image 1,1,31968,
3.37362e+07,,Surface,38,Image 1,1,31969,
1.36821e+07,,Surface,38,Image 1,1,31970,
5.76147e+07,,Surface,38,Image 1,1,31971,
2.46971e+07,,Surface,38,Image 1,1,31972,
3.87149e+07,,Surface,38,Image 1,1,31973,
2.75241e+07,,Surface,38,Image 1,1,31974,
7.5963e+06,,Surface,38,Image 1,1,31975,
3.15111e+07,,Surface,38,Image 1,1,31976,
1.9907e+07,,Surface,38,Image 1,1,31977,
7.81768e+06,,Surface,38,Image 1,1,31978,
2.73022e+07,,Surface,38,Image 1,1,31979,
1.79854e+07,,Surface,38,Image 1,1,31980,
3.28803e+07,,Surface,38,Image 1,1,31981,
1.83211e+07,,Surface,38,Image 1,1,31982,
8.10368e+06,,Surface,38,Image 1,1,31983,
1.1202e+07,,Surface,38,Image 1,1,31984,
2.22866e+07,,Surface,38,Image 1,1,31985,
2.34265e+07,,Surface,38,Image 1,1,31986,
1.61026e+08,,Surface,38,Image 1,1,31987,
4.78592e+07,,Surface,38,Image 1,1,31988,
1.60354e+07,,Surface,38,Image 1,1,31989,
3.37593e+07,,Surface,38,Image 1,1,31990,
3.46286e+07,,Surface,38,Image 1,1,31991,
1.85613e+07,,Surface,38,Image 1,1,31992,
7.58401e+06,,Surface,38,Image 1,1,31993,
9.78409e+07,,Surface,38,Image 1,1,31994,
4.03789e+07,,Surface,38,Image 1,1,31995,
6.12408e+07,,Surface,38,Image 1,1,31996,
3.63437e+07,,Surface,38,Image 1,1,31997,
1.55007e+08,,Surface,38,Image 1,1,31998,
3.9349e+07,,Surface,38,Image 1,1,31999,
1.52227e+07,,Surface,38,Image 1,1,32000,
5.62855e+07,,Surface,38,Image 1,1,32001,
1.98324e+07,,Surface,38,Image 1,1,32002,
1.01831e+07,,Surface,38,Image 1,1,32005,
4.84536e+07,,Surface,38,Image 1,1,32006,
6.49511e+07,,Surface,38,Image 1,1,32007,
5.1398e+07,,Surface,38,Image 1,1,32008,
8.22316e+07,,Surface,38,Image 1,1,32009,
6.76535e+07,,Surface,38,Image 1,1,32010,
2.69435e+07,,Surface,38,Image 1,1,32011,
5.19788e+07,,Surface,38,Image 1,1,32012,
1.09513e+07,,Surface,38,Image 1,1,32013,
8.51864e+07,,Surface,38,Image 1,1,32014,
1.23244e+08,,Surface,38,Image 1,1,32015,
1.86305e+07,,Surface,38,Image 1,1,32018,
3.47796e+07,,Surface,38,Image 1,1,32020,
9.02792e+07,,Surface,38,Image 1,1,32022,
2.83374e+07,,Surface,38,Image 1,1,32023,
1.04842e+07,,Surface,38,Image 1,1,32024,
5.39448e+06,,Surface,38,Image 1,1,32025,
4.52268e+07,,Surface,38,Image 1,1,32026,
3.35878e+07,,Surface,38,Image 1,1,32027,
5.01892e+07,,Surface,38,Image 1,1,32028,
1.78911e+07,,Surface,38,Image 1,1,32030,
5.65379e+07,,Surface,38,Image 1,1,32031,
3.60093e+07,,Surface,38,Image 1,1,32032,
2.31205e+07,,Surface,38,Image 1,1,32033,
4.99804e+07,,Surface,38,Image 1,1,32034,
2.55868e+07,,Surface,38,Image 1,1,32035,
5.82846e+07,,Surface,38,Image 1,1,32036,
3.43251e+07,,Surface,38,Image 1,1,32037,
8.32606e+06,,Surface,38,Image 1,1,32038,
5.04692e+07,,Surface,38,Image 1,1,32039,
3.16876e+07,,Surface,38,Image 1,1,32040,
4.10555e+07,,Surface,38,Image 1,1,32041,
5.09585e+07,,Surface,38,Image 1,1,32042,
3.91113e+06,,Surface,38,Image 1,1,32044,
6.45981e+06,,Surface,38,Image 1,1,32046,
7.60735e+07,,Surface,38,Image 1,1,32047,
2.65534e+07,,Surface,38,Image 1,1,32049,
1.308e+08,,Surface,38,Image 1,1,32050,
811832,,Surface,38,Image 1,1,32051,
9.54063e+07,,Surface,38,Image 1,1,32052,
1.0616e+07,,Surface,38,Image 1,1,32053,
7.78745e+07,,Surface,38,Image 1,1,32054,
4.8138e+07,,Surface,38,Image 1,1,32055,
1.58052e+08,,Surface,38,Image 1,1,32056,
1.60605e+07,,Surface,38,Image 1,1,32057,
3.81855e+07,,Surface,38,Image 1,1,32058,
4.86572e+07,,Surface,38,Image 1,1,32059,
1.91356e+07,,Surface,38,Image 1,1,32060,
4.26642e+07,,Surface,38,Image 1,1,32061,
6.02457e+06,,Surface,38,Image 1,1,32062,
3.06835e+07,,Surface,38,Image 1,1,32063,
8.51444e+07,,Surface,38,Image 1,1,32064,
9.28178e+07,,Surface,38,Image 1,1,32065,
1.09197e+07,,Surface,38,Image 1,1,32066,
1.28019e+07,,Surface,38,Image 1,1,32067,
9.6785e+06,,Surface,38,Image 1,1,32070,
2.10899e+07,,Surface,38,Image 1,1,32071,
1.24264e+08,,Surface,38,Image 1,1,32072,
3.56812e+07,,Surface,38,Image 1,1,32073,
3.36829e+07,,Surface,38,Image 1,1,32074,
4.66908e+07,,Surface,38,Image 1,1,32075,
5.78357e+06,,Surface,38,Image 1,1,32076,
5.63694e+06,,Surface,38,Image 1,1,32077,
4.22517e+07,,Surface,38,Image 1,1,32078,
2.54667e+07,,Surface,38,Image 1,1,32079,
5.68649e+07,,Surface,38,Image 1,1,32080,
4.53535e+07,,Surface,38,Image 1,1,32081,
7.42021e+07,,Surface,38,Image 1,1,32082,
4.57342e+06,,Surface,38,Image 1,1,32083,
6.2965e+07,,Surface,38,Image 1,1,32084,
6.48247e+07,,Surface,38,Image 1,1,32085,
1.02551e+08,,Surface,38,Image 1,1,32086,
2.47761e+07,,Surface,38,Image 1,1,32088,
3.95224e+07,,Surface,38,Image 1,1,32089,
3.34366e+07,,Surface,38,Image 1,1,32090,
4.44171e+07,,Surface,38,Image 1,1,32091,
2.00984e+07,,Surface,38,Image 1,1,32092,
3.6248e+07,,Surface,38,Image 1,1,32093,
5.14253e+07,,Surface,38,Image 1,1,32094,
2.85596e+07,,Surface,38,Image 1,1,32095,
5.82518e+07,,Surface,38,Image 1,1,32096,
2.59036e+07,,Surface,38,Image 1,1,32097,
2.11053e+07,,Surface,38,Image 1,1,32098,
1.23621e+08,,Surface,38,Image 1,1,32099,
1.23074e+07,,Surface,38,Image 1,1,32100,
2.50487e+07,,Surface,38,Image 1,1,32101,
6.96926e+07,,Surface,38,Image 1,1,32102,
2.88648e+06,,Surface,38,Image 1,1,32103,
1.00764e+07,,Surface,38,Image 1,1,32104,
3.877e+07,,Surface,38,Image 1,1,32105,
4.05445e+07,,Surface,38,Image 1,1,32106,
2.47544e+07,,Surface,38,Image 1,1,32107,
4.3153e+07,,Surface,38,Image 1,1,32108,
4.02089e+07,,Surface,38,Image 1,1,32109,
2.46482e+07,,Surface,38,Image 1,1,32110,
3.4734e+07,,Surface,38,Image 1,1,32111,
3.38032e+07,,Surface,38,Image 1,1,32112,
2.55714e+06,,Surface,38,Image 1,1,32113,
1.60334e+08,,Surface,38,Image 1,1,32114,
1.72254e+07,,Surface,38,Image 1,1,32115,
1.95912e+07,,Surface,38,Image 1,1,32117,
1.95783e+07,,Surface,38,Image 1,1,32118,
3.49911e+07,,Surface,38,Image 1,1,32120,
3.47707e+07,,Surface,38,Image 1,1,32121,
4.93409e+07,,Surface,38,Image 1,1,32122,
7.03248e+06,,Surface,38,Image 1,1,32123,
2.90384e+07,,Surface,38,Image 1,1,32124,
7.65325e+07,,Surface,38,Image 1,1,32125,
2.0271e+07,,Surface,38,Image 1,1,32126,
4.30186e+07,,Surface,38,Image 1,1,32127,
1.2181e+07,,Surface,38,Image 1,1,32128,
9.69576e+07,,Surface,38,Image 1,1,32129,
1.45933e+07,,Surface,38,Image 1,1,32130,
7.69856e+06,,Surface,38,Image 1,1,32131,
5.71529e+07,,Surface,38,Image 1,1,32134,
9.54028e+06,,Surface,38,Image 1,1,32135,
1.61868e+07,,Surface,38,Image 1,1,32136,
3.06408e+07,,Surface,38,Image 1,1,32137,
5.78574e+07,,Surface,38,Image 1,1,32138,
1.51238e+07,,Surface,38,Image 1,1,32139,
6.86013e+07,,Surface,38,Image 1,1,32140,
5.29265e+07,,Surface,38,Image 1,1,32141,
2.08628e+07,,Surface,38,Image 1,1,32142,
6.16162e+06,,Surface,38,Image 1,1,32143,
6.26112e+07,,Surface,38,Image 1,1,32144,
1.58218e+07,,Surface,38,Image 1,1,32145,
2.21924e+07,,Surface,38,Image 1,1,32146,
8.49371e+06,,Surface,38,Image 1,1,32147,
1.15178e+08,,Surface,38,Image 1,1,32148,
1.70095e+07,,Surface,38,Image 1,1,32149,
4.92257e+07,,Surface,38,Image 1,1,32150,
2.48211e+07,,Surface,38,Image 1,1,32153,
4.46315e+07,,Surface,38,Image 1,1,32154,
1.49581e+07,,Surface,38,Image 1,1,32155,
9.54548e+06,,Surface,38,Image 1,1,32156,
1.27878e+07,,Surface,38,Image 1,1,32157,
2.40265e+07,,Surface,38,Image 1,1,32158,
1.34086e+07,,Surface,38,Image 1,1,32159,
9.58663e+06,,Surface,38,Image 1,1,32160,
7.58577e+06,,Surface,38,Image 1,1,32161,
4.94756e+06,,Surface,38,Image 1,1,32162,
8.15007e+07,,Surface,38,Image 1,1,32163,
6.02681e+06,,Surface,38,Image 1,1,32164,
4.37538e+06,,Surface,38,Image 1,1,32165,
1.37586e+07,,Surface,38,Image 1,1,32167,
3.68061e+07,,Surface,38,Image 1,1,32168,
4.50134e+07,,Surface,38,Image 1,1,32169,
4.1831e+07,,Surface,38,Image 1,1,32170,
5.40903e+07,,Surface,38,Image 1,1,32171,
3.56192e+07,,Surface,38,Image 1,1,32172,
6.73676e+07,,Surface,38,Image 1,1,32173,
1.05861e+07,,Surface,38,Image 1,1,32174,
4.59389e+07,,Surface,38,Image 1,1,32175,
3.79751e+07,,Surface,38,Image 1,1,32176,
5.51932e+07,,Surface,38,Image 1,1,32177,
1.65884e+07,,Surface,38,Image 1,1,32178,
1.55842e+07,,Surface,38,Image 1,1,32179,
2.35828e+07,,Surface,38,Image 1,1,32180,
3.69683e+07,,Surface,38,Image 1,1,32181,
1.6224e+07,,Surface,38,Image 1,1,32182,
2.06364e+07,,Surface,38,Image 1,1,32185,
3.40625e+07,,Surface,38,Image 1,1,32186,
4.27467e+07,,Surface,38,Image 1,1,32187,
4.8585e+07,,Surface,38,Image 1,1,32188,
5.78598e+07,,Surface,38,Image 1,1,32189,
6.45407e+07,,Surface,38,Image 1,1,32191,
1.23139e+08,,Surface,38,Image 1,1,32193,
5.01121e+07,,Surface,38,Image 1,1,32194,
4.46291e+07,,Surface,38,Image 1,1,32195,
1.12633e+08,,Surface,38,Image 1,1,32196,
4.41751e+07,,Surface,38,Image 1,1,32197,
2.14422e+07,,Surface,38,Image 1,1,32199,
1.51393e+08,,Surface,38,Image 1,1,32200,
3.14435e+07,,Surface,38,Image 1,1,32202,
2.57324e+07,,Surface,38,Image 1,1,32203,
3.36613e+07,,Surface,38,Image 1,1,32204,
7.26831e+07,,Surface,38,Image 1,1,32205,
2.95243e+07,,Surface,38,Image 1,1,32206,
8.75785e+06,,Surface,38,Image 1,1,32207,
4.87141e+07,,Surface,38,Image 1,1,32208,
1.07923e+07,,Surface,38,Image 1,1,32210,
3.86324e+06,,Surface,38,Image 1,1,32211,
1.88616e+07,,Surface,38,Image 1,1,32212,
1.2747e+07,,Surface,38,Image 1,1,32213,
3.32429e+07,,Surface,38,Image 1,1,32214,
5.31221e+07,,Surface,38,Image 1,1,32215,
2.96455e+07,,Surface,38,Image 1,1,32216,
4.35911e+07,,Surface,38,Image 1,1,32217,
8.01014e+07,,Surface,38,Image 1,1,32218,
1.21451e+07,,Surface,38,Image 1,1,32219,
5.75701e+07,,Surface,38,Image 1,1,32220,
3.07234e+07,,Surface,38,Image 1,1,32221,
2.41836e+07,,Surface,38,Image 1,1,32222,
1.43608e+08,,Surface,38,Image 1,1,32223,
2.7752e+07,,Surface,38,Image 1,1,32224,
1.62643e+07,,Surface,38,Image 1,1,32225,
3.01165e+07,,Surface,38,Image 1,1,32227,
6.81136e+06,,Surface,38,Image 1,1,32229,
5.14738e+07,,Surface,38,Image 1,1,32230,
2.20049e+08,,Surface,38,Image 1,1,32231,
3.08939e+07,,Surface,38,Image 1,1,32232,
1.94392e+07,,Surface,38,Image 1,1,32233,
1.23515e+07,,Surface,38,Image 1,1,32234,
4.01167e+07,,Surface,38,Image 1,1,32235,
1.38106e+07,,Surface,38,Image 1,1,32236,
7.61212e+07,,Surface,38,Image 1,1,32237,
2.59006e+07,,Surface,38,Image 1,1,32238,
7.98662e+07,,Surface,38,Image 1,1,32239,
3.04439e+07,,Surface,38,Image 1,1,32240,
2.62014e+07,,Surface,38,Image 1,1,32241,
1.22696e+07,,Surface,38,Image 1,1,32242,
1.46704e+08,,Surface,38,Image 1,1,32243,
1.16422e+07,,Surface,38,Image 1,1,32244,
4.58065e+07,,Surface,38,Image 1,1,32245,
3.24813e+07,,Surface,38,Image 1,1,32246,
2.35261e+07,,Surface,38,Image 1,1,32247,
1.80631e+08,,Surface,38,Image 1,1,32248,
2.23229e+07,,Surface,38,Image 1,1,32249,
1.33464e+07,,Surface,38,Image 1,1,32250,
4.41524e+07,,Surface,38,Image 1,1,32251,
2.61576e+07,,Surface,38,Image 1,1,32252,
4.6456e+07,,Surface,38,Image 1,1,32253,
1.59558e+07,,Surface,38,Image 1,1,32254,
1.83693e+07,,Surface,38,Image 1,1,32255,
8.21123e+06,,Surface,38,Image 1,1,32256,
4.62127e+07,,Surface,38,Image 1,1,32257,
4.02096e+07,,Surface,38,Image 1,1,32258,
2.87172e+07,,Surface,38,Image 1,1,32259,
3.36255e+07,,Surface,38,Image 1,1,32260,
5.1491e+07,,Surface,38,Image 1,1,32261,
6.3712e+07,,Surface,38,Image 1,1,32262,
2.23968e+08,,Surface,38,Image 1,1,32263,
2.51773e+07,,Surface,38,Image 1,1,32264,
9.14469e+07,,Surface,38,Image 1,1,32265,
1.81367e+07,,Surface,38,Image 1,1,32266,
1.09509e+07,,Surface,38,Image 1,1,32267,
2.44851e+07,,Surface,38,Image 1,1,32269,
414661,,Surface,38,Image 1,1,32270,
3.16139e+07,,Surface,38,Image 1,1,32271,
4.7554e+07,,Surface,38,Image 1,1,32272,
5.39449e+07,,Surface,38,Image 1,1,32273,
1.17741e+07,,Surface,38,Image 1,1,32274,
5.04434e+07,,Surface,38,Image 1,1,32276,
3.95192e+07,,Surface,38,Image 1,1,32277,
5.7285e+07,,Surface,38,Image 1,1,32278,
1.24197e+07,,Surface,38,Image 1,1,32279,
4.09476e+07,,Surface,38,Image 1,1,32280,
1.17942e+07,,Surface,38,Image 1,1,32281,
2.70822e+07,,Surface,38,Image 1,1,32282,
2.21235e+07,,Surface,38,Image 1,1,32283,
5.29526e+07,,Surface,38,Image 1,1,32284,
2.3043e+07,,Surface,38,Image 1,1,32287,
2.72737e+07,,Surface,38,Image 1,1,32288,
2.19294e+07,,Surface,38,Image 1,1,32289,
2.31584e+07,,Surface,38,Image 1,1,32290,
1.89821e+07,,Surface,38,Image 1,1,32291,
3.65169e+07,,Surface,38,Image 1,1,32294,
3.62004e+07,,Surface,38,Image 1,1,32295,
3.08075e+07,,Surface,38,Image 1,1,32296,
9.41693e+07,,Surface,38,Image 1,1,32297,
2.56433e+07,,Surface,38,Image 1,1,32298,
8.96717e+07,,Surface,38,Image 1,1,32300,
7.55698e+06,,Surface,38,Image 1,1,32301,
3.63054e+07,,Surface,38,Image 1,1,32302,
1.98858e+07,,Surface,38,Image 1,1,32303,
2.40369e+07,,Surface,38,Image 1,1,32305,
3.27993e+07,,Surface,38,Image 1,1,32306,
4.15292e+07,,Surface,38,Image 1,1,32307,
4.10894e+07,,Surface,38,Image 1,1,32308,
1.03555e+08,,Surface,38,Image 1,1,32309,
1.41378e+07,,Surface,38,Image 1,1,32310,
1.43245e+08,,Surface,38,Image 1,1,32311,
4.11803e+07,,Surface,38,Image 1,1,32313,
1.56321e+07,,Surface,38,Image 1,1,32314,
9.11911e+07,,Surface,38,Image 1,1,32315,
4.96651e+07,,Surface,38,Image 1,1,32316,
3.1599e+07,,Surface,38,Image 1,1,32317,
2.93561e+07,,Surface,38,Image 1,1,32319,
2.05517e+07,,Surface,38,Image 1,1,32320,
2.07879e+07,,Surface,38,Image 1,1,32321,
5.84438e+07,,Surface,38,Image 1,1,32322,
4.63392e+07,,Surface,38,Image 1,1,32323,
2.80375e+07,,Surface,38,Image 1,1,32324,
7.6514e+07,,Surface,38,Image 1,1,32325,
3.75883e+07,,Surface,38,Image 1,1,32326,
1.35561e+08,,Surface,38,Image 1,1,32327,
7.62916e+06,,Surface,38,Image 1,1,32328,
1.36881e+07,,Surface,38,Image 1,1,32329,
1.50595e+07,,Surface,38,Image 1,1,32330,
1.22185e+07,,Surface,38,Image 1,1,32331,
3.45605e+07,,Surface,38,Image 1,1,32333,
1.31535e+08,,Surface,38,Image 1,1,32334,
8.67387e+06,,Surface,38,Image 1,1,32335,
1.92201e+08,,Surface,38,Image 1,1,32337,
2.18172e+07,,Surface,38,Image 1,1,32339,
4.25846e+07,,Surface,38,Image 1,1,32340,
1.02761e+08,,Surface,38,Image 1,1,32341,
5.40331e+07,,Surface,38,Image 1,1,32342,
8.0041e+06,,Surface,38,Image 1,1,32343,
4.06706e+07,,Surface,38,Image 1,1,32344,
7.53955e+06,,Surface,38,Image 1,1,32345,
4.62718e+07,,Surface,38,Image 1,1,32346,
1.01276e+08,,Surface,38,Image 1,1,32347,
4.68919e+07,,Surface,38,Image 1,1,32350,
2.83055e+07,,Surface,38,Image 1,1,32351,
6.7054e+06,,Surface,38,Image 1,1,32352,
7.59632e+07,,Surface,38,Image 1,1,32353,
7.27811e+07,,Surface,38,Image 1,1,32354,
3.43378e+07,,Surface,38,Image 1,1,32355,
3.3788e+07,,Surface,38,Image 1,1,32356,
7.22005e+07,,Surface,38,Image 1,1,32357,
8.0948e+07,,Surface,38,Image 1,1,32358,
2.43205e+07,,Surface,38,Image 1,1,32359,
2.17904e+07,,Surface,38,Image 1,1,32360,
7.59218e+06,,Surface,38,Image 1,1,32361,
1.5975e+07,,Surface,38,Image 1,1,32362,
1.01579e+07,,Surface,38,Image 1,1,32363,
4.77044e+07,,Surface,38,Image 1,1,32364,
5.08684e+07,,Surface,38,Image 1,1,32365,
4.20068e+07,,Surface,38,Image 1,1,32366,
8.91857e+07,,Surface,38,Image 1,1,32367,
1.86438e+07,,Surface,38,Image 1,1,32369,
6.43018e+07,,Surface,38,Image 1,1,32370,
2.32244e+07,,Surface,38,Image 1,1,32372,
1.25997e+08,,Surface,38,Image 1,1,32373,
1.07709e+07,,Surface,38,Image 1,1,32374,
1.72575e+08,,Surface,38,Image 1,1,32375,
3.76101e+07,,Surface,38,Image 1,1,32376,
8.39668e+07,,Surface,38,Image 1,1,32378,
4.07638e+07,,Surface,38,Image 1,1,32379,
1.08337e+07,,Surface,38,Image 1,1,32380,
1.5785e+08,,Surface,38,Image 1,1,32381,
1.55648e+07,,Surface,38,Image 1,1,32382,
2.3148e+07,,Surface,38,Image 1,1,32383,
4.49309e+07,,Surface,38,Image 1,1,32384,
1.37889e+07,,Surface,38,Image 1,1,32385,
1.96519e+07,,Surface,38,Image 1,1,32386,
9.65252e+06,,Surface,38,Image 1,1,32387,
1.71084e+07,,Surface,38,Image 1,1,32388,
5.50947e+07,,Surface,38,Image 1,1,32389,
1.02698e+07,,Surface,38,Image 1,1,32390,
4.54306e+07,,Surface,38,Image 1,1,32391,
1.82186e+08,,Surface,38,Image 1,1,32392,
3.95305e+07,,Surface,38,Image 1,1,32393,
4.21848e+06,,Surface,38,Image 1,1,32394,
5.58099e+07,,Surface,38,Image 1,1,32395,
7.38742e+07,,Surface,38,Image 1,1,32397,
9.75784e+06,,Surface,38,Image 1,1,32398,
1.13644e+07,,Surface,38,Image 1,1,32399,
8.15699e+07,,Surface,38,Image 1,1,32400,
3.55166e+07,,Surface,38,Image 1,1,32401,
7.32535e+07,,Surface,38,Image 1,1,32402,
1.23256e+07,,Surface,38,Image 1,1,32403,
3.60491e+07,,Surface,38,Image 1,1,32404,
8.69586e+07,,Surface,38,Image 1,1,32405,
2.65111e+07,,Surface,38,Image 1,1,32406,
2.38189e+07,,Surface,38,Image 1,1,32407,
2.1815e+08,,Surface,38,Image 1,1,32409,
3.13735e+07,,Surface,38,Image 1,1,32410,
1.1992e+08,,Surface,38,Image 1,1,32411,
1.51395e+07,,Surface,38,Image 1,1,32412,
2.30989e+07,,Surface,38,Image 1,1,32413,
1.16043e+08,,Surface,38,Image 1,1,32414,
3.39518e+07,,Surface,38,Image 1,1,32416,
9.67504e+06,,Surface,38,Image 1,1,32417,
3.54405e+07,,Surface,38,Image 1,1,32418,
1.30503e+08,,Surface,38,Image 1,1,32419,
5.54808e+07,,Surface,38,Image 1,1,32420,
2.30962e+07,,Surface,38,Image 1,1,32421,
2.84322e+07,,Surface,38,Image 1,1,32422,
6.24012e+06,,Surface,38,Image 1,1,32423,
2.31215e+07,,Surface,38,Image 1,1,32424,
1.90524e+07,,Surface,38,Image 1,1,32425,
1.24381e+07,,Surface,38,Image 1,1,32426,
4.37489e+07,,Surface,38,Image 1,1,32427,
6.21363e+07,,Surface,38,Image 1,1,32428,
7.21263e+07,,Surface,38,Image 1,1,32429,
1.2959e+07,,Surface,38,Image 1,1,32430,
2.561e+07,,Surface,38,Image 1,1,32431,
7.88755e+06,,Surface,38,Image 1,1,32432,
4.17324e+07,,Surface,38,Image 1,1,32434,
8.64999e+07,,Surface,38,Image 1,1,32435,
1.5508e+07,,Surface,38,Image 1,1,32436,
4.01457e+07,,Surface,38,Image 1,1,32437,
6.70213e+06,,Surface,38,Image 1,1,32438,
9.41959e+07,,Surface,38,Image 1,1,32439,
1.37507e+07,,Surface,38,Image 1,1,32440,
1.24575e+07,,Surface,38,Image 1,1,32441,
4.14208e+06,,Surface,38,Image 1,1,32442,
3.24894e+07,,Surface,38,Image 1,1,32444,
4.62643e+07,,Surface,38,Image 1,1,32445,
9.78477e+06,,Surface,38,Image 1,1,32446,
2.82488e+07,,Surface,38,Image 1,1,32447,
3.30821e+06,,Surface,38,Image 1,1,32448,
4.6776e+06,,Surface,38,Image 1,1,32449,
5.34819e+07,,Surface,38,Image 1,1,32450,
4.01493e+07,,Surface,38,Image 1,1,32452,
9.87464e+06,,Surface,38,Image 1,1,32453,
6.75832e+07,,Surface,38,Image 1,1,32454,
355277,,Surface,38,Image 1,1,32455,
1.28218e+08,,Surface,38,Image 1,1,32456,
4.88901e+07,,Surface,38,Image 1,1,32457,
2.06682e+07,,Surface,38,Image 1,1,32458,
8.15268e+06,,Surface,38,Image 1,1,32459,
3.16165e+07,,Surface,38,Image 1,1,32460,
2.46984e+07,,Surface,38,Image 1,1,32461,
1.86042e+07,,Surface,38,Image 1,1,32462,
1.00712e+07,,Surface,38,Image 1,1,32463,
6.11752e+07,,Surface,38,Image 1,1,32464,
1.00427e+08,,Surface,38,Image 1,1,32465,
2.45147e+07,,Surface,38,Image 1,1,32466,
6.74064e+07,,Surface,38,Image 1,1,32467,
1.86239e+08,,Surface,38,Image 1,1,32468,
1.2096e+07,,Surface,38,Image 1,1,32469,
2.63874e+07,,Surface,38,Image 1,1,32470,
1.00567e+08,,Surface,38,Image 1,1,32471,
3.31723e+07,,Surface,38,Image 1,1,32472,
6.58091e+07,,Surface,38,Image 1,1,32473,
5.2084e+07,,Surface,38,Image 1,1,32475,
5.07099e+07,,Surface,38,Image 1,1,32476,
3.74108e+06,,Surface,38,Image 1,1,32478,
1.48492e+08,,Surface,38,Image 1,1,32479,
2.93901e+07,,Surface,38,Image 1,1,32481,
1.06473e+07,,Surface,38,Image 1,1,32483,
2.92018e+07,,Surface,38,Image 1,1,32484,
3.13098e+07,,Surface,38,Image 1,1,32485,
2.19714e+07,,Surface,38,Image 1,1,32486,
7.06351e+07,,Surface,38,Image 1,1,32487,
4.42912e+07,,Surface,38,Image 1,1,32488,
8.91685e+06,,Surface,38,Image 1,1,32489,
3.60362e+07,,Surface,38,Image 1,1,32490,
6.45652e+07,,Surface,38,Image 1,1,32492,
7.46046e+07,,Surface,38,Image 1,1,32493,
4.73992e+07,,Surface,38,Image 1,1,32495,
1.74121e+07,,Surface,38,Image 1,1,32496,
1.84694e+07,,Surface,38,Image 1,1,32497,
1.18061e+07,,Surface,38,Image 1,1,32499,
3.82497e+07,,Surface,38,Image 1,1,32500,
5.61296e+07,,Surface,38,Image 1,1,32501,
4.84913e+07,,Surface,38,Image 1,1,32502,
1.03608e+08,,Surface,38,Image 1,1,32503,
5.64856e+07,,Surface,38,Image 1,1,32504,
3.52357e+07,,Surface,38,Image 1,1,32505,
8.38109e+06,,Surface,38,Image 1,1,32506,
8.26204e+07,,Surface,38,Image 1,1,32507,
3.35614e+07,,Surface,38,Image 1,1,32508,
1.05416e+08,,Surface,38,Image 1,1,32509,
1.04199e+08,,Surface,38,Image 1,1,32510,
2.53708e+07,,Surface,38,Image 1,1,32511,
7.51479e+07,,Surface,38,Image 1,1,32512,
1.27041e+07,,Surface,38,Image 1,1,32513,
1.72893e+07,,Surface,38,Image 1,1,32514,
3.09022e+07,,Surface,38,Image 1,1,32515,
6.1766e+07,,Surface,38,Image 1,1,32517,
8.49185e+06,,Surface,38,Image 1,1,32518,
2.86715e+07,,Surface,38,Image 1,1,32519,
4.08946e+07,,Surface,38,Image 1,1,32520,
7.84494e+07,,Surface,38,Image 1,1,32522,
5.14207e+07,,Surface,38,Image 1,1,32523,
8.04043e+07,,Surface,38,Image 1,1,32524,
2.52931e+07,,Surface,38,Image 1,1,32525,
3.30252e+07,,Surface,38,Image 1,1,32526,
1.67057e+07,,Surface,38,Image 1,1,32528,
2.07166e+07,,Surface,38,Image 1,1,32529,
3.00414e+07,,Surface,38,Image 1,1,32532,
3.93496e+07,,Surface,38,Image 1,1,32533,
1.0383e+08,,Surface,38,Image 1,1,32534,
1.75998e+07,,Surface,38,Image 1,1,32535,
7.53262e+07,,Surface,38,Image 1,1,32536,
8.86945e+06,,Surface,38,Image 1,1,32538,
4.1406e+07,,Surface,38,Image 1,1,32539,
6.58899e+07,,Surface,38,Image 1,1,32540,
2.8669e+07,,Surface,38,Image 1,1,32541,
1.84552e+07,,Surface,38,Image 1,1,32543,
5.49663e+07,,Surface,38,Image 1,1,32544,
2.42282e+07,,Surface,38,Image 1,1,32545,
1.41113e+07,,Surface,38,Image 1,1,32546,
5.52947e+07,,Surface,38,Image 1,1,32548,
2.2279e+07,,Surface,38,Image 1,1,32549,
3.72362e+07,,Surface,38,Image 1,1,32550,
2.36317e+07,,Surface,38,Image 1,1,32551,
4.96029e+07,,Surface,38,Image 1,1,32552,
5.60765e+07,,Surface,38,Image 1,1,32553,
3.32224e+07,,Surface,38,Image 1,1,32554,
1.10177e+08,,Surface,38,Image 1,1,32555,
3.6618e+07,,Surface,38,Image 1,1,32557,
2.69818e+06,,Surface,38,Image 1,1,32558,
3.225e+07,,Surface,38,Image 1,1,32559,
1.00924e+07,,Surface,38,Image 1,1,32560,
1.29063e+08,,Surface,38,Image 1,1,32561,
1.00241e+07,,Surface,38,Image 1,1,32562,
6.39463e+06,,Surface,38,Image 1,1,32563,
5.47317e+07,,Surface,38,Image 1,1,32564,
1.169e+07,,Surface,38,Image 1,1,32565,
4.42934e+07,,Surface,38,Image 1,1,32566,
1.4744e+08,,Surface,38,Image 1,1,32567,
1.60149e+07,,Surface,38,Image 1,1,32568,
5.92511e+07,,Surface,38,Image 1,1,32569,
9.01841e+06,,Surface,38,Image 1,1,32570,
7.69851e+06,,Surface,38,Image 1,1,32571,
9.43241e+07,,Surface,38,Image 1,1,32572,
4.62299e+07,,Surface,38,Image 1,1,32574,
2.75022e+07,,Surface,38,Image 1,1,32575,
1.12702e+07,,Surface,38,Image 1,1,32576,
4.23072e+07,,Surface,38,Image 1,1,32578,
1.47916e+08,,Surface,38,Image 1,1,32579,
5.00905e+07,,Surface,38,Image 1,1,32580,
7.2139e+07,,Surface,38,Image 1,1,32581,
7.98185e+06,,Surface,38,Image 1,1,32582,
5.25718e+07,,Surface,38,Image 1,1,32583,
1.52164e+08,,Surface,38,Image 1,1,32584,
9.28132e+06,,Surface,38,Image 1,1,32585,
3.00373e+07,,Surface,38,Image 1,1,32586,
2.292e+07,,Surface,38,Image 1,1,32587,
1.38355e+08,,Surface,38,Image 1,1,32588,
2.20212e+07,,Surface,38,Image 1,1,32590,
6.1394e+07,,Surface,38,Image 1,1,32591,
4.20395e+07,,Surface,38,Image 1,1,32592,
8.67831e+07,,Surface,38,Image 1,1,32593,
2.763e+07,,Surface,38,Image 1,1,32594,
6.13497e+07,,Surface,38,Image 1,1,32595,
9.38954e+07,,Surface,38,Image 1,1,32596,
1.18429e+08,,Surface,38,Image 1,1,32598,
1.79506e+07,,Surface,38,Image 1,1,32600,
8.6337e+07,,Surface,38,Image 1,1,32601,
3.40389e+07,,Surface,38,Image 1,1,32602,
3.80801e+07,,Surface,38,Image 1,1,32603,
6.54525e+07,,Surface,38,Image 1,1,32604,
7.01215e+06,,Surface,38,Image 1,1,32605,
1.90449e+07,,Surface,38,Image 1,1,32606,
2.8999e+07,,Surface,38,Image 1,1,32607,
1.2441e+07,,Surface,38,Image 1,1,32608,
5.1465e+07,,Surface,38,Image 1,1,32609,
8.03873e+07,,Surface,38,Image 1,1,32610,
3.94911e+07,,Surface,38,Image 1,1,32611,
2.85137e+07,,Surface,38,Image 1,1,32612,
2.80475e+07,,Surface,38,Image 1,1,32613,
3.03157e+07,,Surface,38,Image 1,1,32615,
3.46616e+07,,Surface,38,Image 1,1,32616,
2.44736e+07,,Surface,38,Image 1,1,32617,
2.16627e+07,,Surface,38,Image 1,1,32618,
1.41161e+07,,Surface,38,Image 1,1,32619,
2.24857e+07,,Surface,38,Image 1,1,32620,
5.0188e+07,,Surface,38,Image 1,1,32621,
2.37783e+07,,Surface,38,Image 1,1,32623,
5.65195e+07,,Surface,38,Image 1,1,32624,
3.03928e+07,,Surface,38,Image 1,1,32625,
6.33033e+07,,Surface,38,Image 1,1,32626,
2.38921e+07,,Surface,38,Image 1,1,32627,
5.06784e+06,,Surface,38,Image 1,1,32628,
5.00177e+07,,Surface,38,Image 1,1,32629,
1.53644e+07,,Surface,38,Image 1,1,32630,
2.2042e+07,,Surface,38,Image 1,1,32631,
1.90022e+07,,Surface,38,Image 1,1,32633,
3.6607e+07,,Surface,38,Image 1,1,32636,
1.2464e+08,,Surface,38,Image 1,1,32637,
2.30809e+07,,Surface,38,Image 1,1,32638,
6.37521e+07,,Surface,38,Image 1,1,32639,
8.42728e+07,,Surface,38,Image 1,1,32640,
1.79747e+07,,Surface,38,Image 1,1,32642,
3.79622e+07,,Surface,38,Image 1,1,32643,
9.19209e+07,,Surface,38,Image 1,1,32644,
1.0657e+07,,Surface,38,Image 1,1,32645,
2.3248e+07,,Surface,38,Image 1,1,32646,
2.52325e+07,,Surface,38,Image 1,1,32647,
4.98115e+07,,Surface,38,Image 1,1,32648,
3.86772e+07,,Surface,38,Image 1,1,32649,
3.07653e+07,,Surface,38,Image 1,1,32650,
1.2108e+07,,Surface,38,Image 1,1,32651,
3.11636e+07,,Surface,38,Image 1,1,32652,
3.229e+07,,Surface,38,Image 1,1,32653,
2.67432e+07,,Surface,38,Image 1,1,32654,
1.62491e+07,,Surface,38,Image 1,1,32655,
1.64771e+07,,Surface,38,Image 1,1,32656,
6.41014e+07,,Surface,38,Image 1,1,32657,
2.66191e+07,,Surface,38,Image 1,1,32658,
3.59331e+07,,Surface,38,Image 1,1,32659,
6.26808e+06,,Surface,38,Image 1,1,32661,
6.61443e+07,,Surface,38,Image 1,1,32662,
4.18495e+07,,Surface,38,Image 1,1,32664,
5.38228e+06,,Surface,38,Image 1,1,32665,
9.20831e+06,,Surface,38,Image 1,1,32666,
5.67316e+07,,Surface,38,Image 1,1,32667,
5.58722e+07,,Surface,38,Image 1,1,32668,
7.29585e+07,,Surface,38,Image 1,1,32669,
1.65788e+07,,Surface,38,Image 1,1,32670,
4.49616e+07,,Surface,38,Image 1,1,32671,
8.76004e+07,,Surface,38,Image 1,1,32672,
1.88363e+07,,Surface,38,Image 1,1,32673,
3.28887e+07,,Surface,38,Image 1,1,32674,
7.32891e+07,,Surface,38,Image 1,1,32675,
6.06579e+07,,Surface,38,Image 1,1,32676,
4.73792e+07,,Surface,38,Image 1,1,32678,
2.62343e+07,,Surface,38,Image 1,1,32679,
3.47574e+06,,Surface,38,Image 1,1,32680,
3.78021e+07,,Surface,38,Image 1,1,32682,
4.35889e+07,,Surface,38,Image 1,1,32683,
1.17834e+07,,Surface,38,Image 1,1,32684,
1.46302e+08,,Surface,38,Image 1,1,32685,
6.06033e+07,,Surface,38,Image 1,1,32686,
6.07008e+07,,Surface,38,Image 1,1,32687,
6.06368e+07,,Surface,38,Image 1,1,32688,
6.72569e+07,,Surface,38,Image 1,1,32689,
1.62397e+07,,Surface,38,Image 1,1,32690,
7.38921e+06,,Surface,38,Image 1,1,32691,
5.47917e+07,,Surface,38,Image 1,1,32692,
4.3709e+07,,Surface,38,Image 1,1,32693,
8.11111e+07,,Surface,38,Image 1,1,32695,
4.08536e+07,,Surface,38,Image 1,1,32696,
4.83464e+07,,Surface,38,Image 1,1,32697,
7.66132e+07,,Surface,38,Image 1,1,32698,
3.55333e+07,,Surface,38,Image 1,1,32699,
7.32736e+07,,Surface,38,Image 1,1,32700,
3.5319e+07,,Surface,38,Image 1,1,32701,
5.55874e+07,,Surface,38,Image 1,1,32702,
2.39698e+07,,Surface,38,Image 1,1,32703,
5.40551e+07,,Surface,38,Image 1,1,32704,
4.6991e+07,,Surface,38,Image 1,1,32705,
1.29458e+08,,Surface,38,Image 1,1,32706,
9.07486e+07,,Surface,38,Image 1,1,32707,
1.9493e+07,,Surface,38,Image 1,1,32708,
6.26219e+07,,Surface,38,Image 1,1,32709,
1.75166e+07,,Surface,38,Image 1,1,32710,
6.44785e+06,,Surface,38,Image 1,1,32712,
7.34839e+07,,Surface,38,Image 1,1,32713,
1.57117e+07,,Surface,38,Image 1,1,32714,
4.29343e+07,,Surface,38,Image 1,1,32715,
6.16593e+07,,Surface,38,Image 1,1,32716,
6.69646e+06,,Surface,38,Image 1,1,32717,
1.3865e+07,,Surface,38,Image 1,1,32718,
4.42323e+07,,Surface,38,Image 1,1,32719,
4.89933e+07,,Surface,38,Image 1,1,32720,
5.00371e+07,,Surface,38,Image 1,1,32721,
4.42034e+07,,Surface,38,Image 1,1,32723,
4.42188e+07,,Surface,38,Image 1,1,32724,
3.31994e+07,,Surface,38,Image 1,1,32725,
2.82482e+07,,Surface,38,Image 1,1,32726,
3.28929e+07,,Surface,38,Image 1,1,32727,
1.33088e+07,,Surface,38,Image 1,1,32728,
8.57025e+06,,Surface,38,Image 1,1,32730,
3.54573e+07,,Surface,38,Image 1,1,32731,
1.31971e+07,,Surface,38,Image 1,1,32732,
2.11341e+07,,Surface,38,Image 1,1,32733,
1.90693e+08,,Surface,38,Image 1,1,32735,
3.98621e+07,,Surface,38,Image 1,1,32736,
7.97979e+06,,Surface,38,Image 1,1,32737,
5.34572e+07,,Surface,38,Image 1,1,32738,
4.9172e+07,,Surface,38,Image 1,1,32739,
1.07711e+08,,Surface,38,Image 1,1,32740,
8.43606e+07,,Surface,38,Image 1,1,32741,
1.08115e+08,,Surface,38,Image 1,1,32742,
4.71044e+07,,Surface,38,Image 1,1,32743,
1.98441e+07,,Surface,38,Image 1,1,32744,
2.22913e+07,,Surface,38,Image 1,1,32745,
5.18521e+07,,Surface,38,Image 1,1,32746,
7.89924e+07,,Surface,38,Image 1,1,32747,
3.84666e+07,,Surface,38,Image 1,1,32748,
7.09668e+07,,Surface,38,Image 1,1,32749,
2.2916e+07,,Surface,38,Image 1,1,32750,
2.21443e+08,,Surface,38,Image 1,1,32751,
1.31295e+08,,Surface,38,Image 1,1,32752,
3.56492e+07,,Surface,38,Image 1,1,32753,
2.68798e+08,,Surface,38,Image 1,1,32754,
4.90225e+07,,Surface,38,Image 1,1,32755,
6.00502e+07,,Surface,38,Image 1,1,32756,
5.20378e+07,,Surface,38,Image 1,1,32757,
3.29272e+07,,Surface,38,Image 1,1,32758,
1.57482e+07,,Surface,38,Image 1,1,32759,
1.06167e+07,,Surface,38,Image 1,1,32760,
2.0757e+07,,Surface,38,Image 1,1,32761,
1.04181e+08,,Surface,38,Image 1,1,32762,
4.56702e+07,,Surface,38,Image 1,1,32763,
1.90092e+07,,Surface,38,Image 1,1,32764,
6.30489e+07,,Surface,38,Image 1,1,32765,
6.60098e+07,,Surface,38,Image 1,1,32766,
1.12771e+08,,Surface,38,Image 1,1,32767,
1.28132e+07,,Surface,38,Image 1,1,32768,
6.65442e+07,,Surface,38,Image 1,1,32769,
3.05758e+07,,Surface,38,Image 1,1,32770,
1.81475e+07,,Surface,38,Image 1,1,32771,
1.04098e+08,,Surface,38,Image 1,1,32772,
2.73772e+07,,Surface,38,Image 1,1,32773,
9.08034e+07,,Surface,38,Image 1,1,32774,
1.32093e+07,,Surface,38,Image 1,1,32775,
1.49682e+07,,Surface,38,Image 1,1,32776,
7.49108e+07,,Surface,38,Image 1,1,32777,
3.73354e+07,,Surface,38,Image 1,1,32778,
5.22448e+07,,Surface,38,Image 1,1,32781,
3.25635e+07,,Surface,38,Image 1,1,32782,
7.00823e+06,,Surface,38,Image 1,1,32783,
2.41536e+07,,Surface,38,Image 1,1,32784,
1.57679e+07,,Surface,38,Image 1,1,32786,
2.94143e+07,,Surface,38,Image 1,1,32787,
2.36047e+07,,Surface,38,Image 1,1,32788,
5.19817e+07,,Surface,38,Image 1,1,32789,
4.038e+07,,Surface,38,Image 1,1,32790,
6.20284e+07,,Surface,38,Image 1,1,32791,
1.39142e+08,,Surface,38,Image 1,1,32792,
1.86484e+08,,Surface,38,Image 1,1,32793,
1.80134e+07,,Surface,38,Image 1,1,32795,
7.51791e+06,,Surface,38,Image 1,1,32796,
2.01278e+07,,Surface,38,Image 1,1,32797,
5.919e+06,,Surface,38,Image 1,1,32798,
5.40222e+07,,Surface,38,Image 1,1,32799,
7.39892e+07,,Surface,38,Image 1,1,32801,
6.94108e+07,,Surface,38,Image 1,1,32802,
2.61058e+07,,Surface,38,Image 1,1,32803,
3.0996e+07,,Surface,38,Image 1,1,32804,
8.96594e+06,,Surface,38,Image 1,1,32805,
3.17483e+07,,Surface,38,Image 1,1,32806,
3.29126e+07,,Surface,38,Image 1,1,32807,
4.15163e+07,,Surface,38,Image 1,1,32808,
1.07743e+08,,Surface,38,Image 1,1,32810,
1.13511e+07,,Surface,38,Image 1,1,32811,
6.02036e+07,,Surface,38,Image 1,1,32812,
4.57568e+07,,Surface,38,Image 1,1,32813,
6.34127e+07,,Surface,38,Image 1,1,32814,
2.34798e+07,,Surface,38,Image 1,1,32815,
1.7454e+07,,Surface,38,Image 1,1,32816,
7.96325e+06,,Surface,38,Image 1,1,32817,
2.72203e+07,,Surface,38,Image 1,1,32818,
4.15863e+07,,Surface,38,Image 1,1,32819,
1.419e+07,,Surface,38,Image 1,1,32820,
4.18141e+07,,Surface,38,Image 1,1,32821,
5.74568e+06,,Surface,38,Image 1,1,32822,
8.6763e+07,,Surface,38,Image 1,1,32824,
9.72378e+06,,Surface,38,Image 1,1,32826,
2.36249e+07,,Surface,38,Image 1,1,32827,
3.59473e+07,,Surface,38,Image 1,1,32828,
9.57272e+07,,Surface,38,Image 1,1,32829,
3.31756e+07,,Surface,38,Image 1,1,32830,
1.91951e+07,,Surface,38,Image 1,1,32831,
5.49887e+07,,Surface,38,Image 1,1,32832,
8.75332e+06,,Surface,38,Image 1,1,32833,
1.5915e+08,,Surface,38,Image 1,1,32834,
2.08668e+07,,Surface,38,Image 1,1,32835,
1.15663e+07,,Surface,38,Image 1,1,32837,
1.88072e+07,,Surface,38,Image 1,1,32838,
9.09659e+06,,Surface,38,Image 1,1,32839,
7.88824e+07,,Surface,38,Image 1,1,32840,
5.82252e+07,,Surface,38,Image 1,1,32841,
3.60968e+07,,Surface,38,Image 1,1,32842,
8.43157e+06,,Surface,38,Image 1,1,32843,
2.71227e+07,,Surface,38,Image 1,1,32844,
5.0815e+06,,Surface,38,Image 1,1,32845,
1.11979e+07,,Surface,38,Image 1,1,32846,
1.63813e+07,,Surface,38,Image 1,1,32848,
1.04634e+07,,Surface,38,Image 1,1,32849,
1.88752e+07,,Surface,38,Image 1,1,32850,
4.97112e+07,,Surface,38,Image 1,1,32851,
2.80087e+07,,Surface,38,Image 1,1,32852,
4.90923e+07,,Surface,38,Image 1,1,32853,
3.37484e+06,,Surface,38,Image 1,1,32854,
4.6847e+07,,Surface,38,Image 1,1,32855,
4.56279e+07,,Surface,38,Image 1,1,32856,
1.88437e+07,,Surface,38,Image 1,1,32857,
1.64592e+07,,Surface,38,Image 1,1,32858,
3.5606e+07,,Surface,38,Image 1,1,32859,
3.1584e+07,,Surface,38,Image 1,1,32861,
3.0805e+07,,Surface,38,Image 1,1,32863,
1.07791e+08,,Surface,38,Image 1,1,32864,
1.93324e+07,,Surface,38,Image 1,1,32865,
7.67801e+07,,Surface,38,Image 1,1,32866,
3.22858e+07,,Surface,38,Image 1,1,32867,
1.99365e+07,,Surface,38,Image 1,1,32868,
2.86686e+07,,Surface,38,Image 1,1,32869,
6.67884e+07,,Surface,38,Image 1,1,32870,
2.50813e+07,,Surface,38,Image 1,1,32871,
1.46108e+08,,Surface,38,Image 1,1,32872,
4.20639e+07,,Surface,38,Image 1,1,32873,
4.14326e+07,,Surface,38,Image 1,1,32874,
1.54866e+07,,Surface,38,Image 1,1,32875,
1.56633e+07,,Surface,38,Image 1,1,32876,
2.57254e+07,,Surface,38,Image 1,1,32877,
5.21592e+07,,Surface,38,Image 1,1,32878,
4.72841e+07,,Surface,38,Image 1,1,32880,
4.71431e+06,,Surface,38,Image 1,1,32881,
1.13916e+07,,Surface,38,Image 1,1,32882,
3.17643e+07,,Surface,38,Image 1,1,32883,
2.97281e+07,,Surface,38,Image 1,1,32884,
3.53587e+07,,Surface,38,Image 1,1,32885,
1.31566e+07,,Surface,38,Image 1,1,32886,
5.75744e+07,,Surface,38,Image 1,1,32887,
2.52518e+07,,Surface,38,Image 1,1,32888,
3.40158e+07,,Surface,38,Image 1,1,32889,
3.87084e+07,,Surface,38,Image 1,1,32890,
1.28793e+08,,Surface,38,Image 1,1,32891,
4.4914e+07,,Surface,38,Image 1,1,32892,
5.26333e+07,,Surface,38,Image 1,1,32893,
9.65506e+07,,Surface,38,Image 1,1,32894,
4.33159e+06,,Surface,38,Image 1,1,32895,
6.63907e+07,,Surface,38,Image 1,1,32896,
3.58329e+07,,Surface,38,Image 1,1,32897,
2.85938e+07,,Surface,38,Image 1,1,32898,
4.86207e+07,,Surface,38,Image 1,1,32899,
4.49794e+07,,Surface,38,Image 1,1,32900,
5.72476e+07,,Surface,38,Image 1,1,32901,
7.69082e+07,,Surface,38,Image 1,1,32902,
4.08831e+07,,Surface,38,Image 1,1,32903,
6.88187e+07,,Surface,38,Image 1,1,32904,
2.95944e+07,,Surface,38,Image 1,1,32905,
6.81322e+06,,Surface,38,Image 1,1,32906,
1.70006e+07,,Surface,38,Image 1,1,32907,
1.37915e+07,,Surface,38,Image 1,1,32910,
3.71351e+07,,Surface,38,Image 1,1,32911,
4.33226e+07,,Surface,38,Image 1,1,32912,
4.17835e+07,,Surface,38,Image 1,1,32913,
2.20201e+07,,Surface,38,Image 1,1,32914,
1.10758e+08,,Surface,38,Image 1,1,32915,
2.73573e+07,,Surface,38,Image 1,1,32917,
2.76622e+07,,Surface,38,Image 1,1,32918,
111150,,Surface,38,Image 1,1,32919,
1.42575e+07,,Surface,38,Image 1,1,32920,
1.83965e+08,,Surface,38,Image 1,1,32921,
3.46476e+07,,Surface,38,Image 1,1,32922,
1.14096e+08,,Surface,38,Image 1,1,32923,
1.72913e+07,,Surface,38,Image 1,1,32924,
1.71763e+08,,Surface,38,Image 1,1,32925,
4.06271e+07,,Surface,38,Image 1,1,32926,
3.39883e+06,,Surface,38,Image 1,1,32927,
2.41982e+07,,Surface,38,Image 1,1,32928,
7.68666e+07,,Surface,38,Image 1,1,32929,
4.38119e+07,,Surface,38,Image 1,1,32930,
3.85353e+07,,Surface,38,Image 1,1,32931,
2.17699e+07,,Surface,38,Image 1,1,32932,
4.38885e+07,,Surface,38,Image 1,1,32933,
8.17615e+07,,Surface,38,Image 1,1,32934,
6.76798e+07,,Surface,38,Image 1,1,32935,
3.88614e+07,,Surface,38,Image 1,1,32936,
2.20761e+07,,Surface,38,Image 1,1,32937,
1.35854e+08,,Surface,38,Image 1,1,32938,
3.8915e+06,,Surface,38,Image 1,1,32939,
2.85117e+07,,Surface,38,Image 1,1,32940,
3.01655e+07,,Surface,38,Image 1,1,32941,
4.94685e+07,,Surface,38,Image 1,1,32944,
3.6526e+07,,Surface,38,Image 1,1,32945,
4.66688e+07,,Surface,38,Image 1,1,32946,
5.8302e+07,,Surface,38,Image 1,1,32948,
4.00249e+07,,Surface,38,Image 1,1,32949,
4.86404e+07,,Surface,38,Image 1,1,32950,
4.13091e+06,,Surface,38,Image 1,1,32951,
1.97556e+07,,Surface,38,Image 1,1,32952,
6.83787e+06,,Surface,38,Image 1,1,32953,
2.83595e+07,,Surface,38,Image 1,1,32954,
1.14e+08,,Surface,38,Image 1,1,32956,
3.33438e+07,,Surface,38,Image 1,1,32957,
2.68053e+07,,Surface,38,Image 1,1,32958,
4.05313e+07,,Surface,38,Image 1,1,32959,
5.3662e+07,,Surface,38,Image 1,1,32960,
2.73126e+07,,Surface,38,Image 1,1,32961,
4.85819e+07,,Surface,38,Image 1,1,32962,
3.35386e+07,,Surface,38,Image 1,1,32963,
7.35907e+06,,Surface,38,Image 1,1,32964,
1.9041e+08,,Surface,38,Image 1,1,32965,
3.03544e+07,,Surface,38,Image 1,1,32966,
3.51543e+07,,Surface,38,Image 1,1,32967,
4.86958e+07,,Surface,38,Image 1,1,32968,
2.36073e+07,,Surface,38,Image 1,1,32969,
2.32662e+07,,Surface,38,Image 1,1,32970,
2.87996e+07,,Surface,38,Image 1,1,32972,
3.93741e+07,,Surface,38,Image 1,1,32973,
7.37378e+07,,Surface,38,Image 1,1,32974,
2.5033e+08,,Surface,38,Image 1,1,32975,
7.8507e+06,,Surface,38,Image 1,1,32976,
1.12297e+08,,Surface,38,Image 1,1,32977,
5.71406e+07,,Surface,38,Image 1,1,32978,
5.62751e+07,,Surface,38,Image 1,1,32979,
3.38465e+07,,Surface,38,Image 1,1,32980,
6.95458e+07,,Surface,38,Image 1,1,32982,
1.38708e+07,,Surface,38,Image 1,1,32983,
1.11151e+07,,Surface,38,Image 1,1,32984,
3.8261e+07,,Surface,38,Image 1,1,32985,
6.89341e+07,,Surface,38,Image 1,1,32986,
1.887e+07,,Surface,38,Image 1,1,32987,
3.06858e+07,,Surface,38,Image 1,1,32988,
1.88949e+08,,Surface,38,Image 1,1,32989,
5.8395e+07,,Surface,38,Image 1,1,32990,
4.82911e+07,,Surface,38,Image 1,1,32991,
8.87656e+06,,Surface,38,Image 1,1,32992,
1.10209e+08,,Surface,38,Image 1,1,32993,
1.47084e+07,,Surface,38,Image 1,1,32994,
2.02253e+07,,Surface,38,Image 1,1,32995,
1.08974e+08,,Surface,38,Image 1,1,32996,
5.09259e+07,,Surface,38,Image 1,1,32997,
5.63693e+07,,Surface,38,Image 1,1,32998,
4.04115e+07,,Surface,38,Image 1,1,33000,
1.27375e+07,,Surface,38,Image 1,1,33001,
2.4295e+07,,Surface,38,Image 1,1,33002,
6.32375e+07,,Surface,38,Image 1,1,33003,
2.04248e+07,,Surface,38,Image 1,1,33004,
1.17326e+07,,Surface,38,Image 1,1,33005,
1.34166e+08,,Surface,38,Image 1,1,33007,
3.53417e+07,,Surface,38,Image 1,1,33008,
6.19074e+07,,Surface,38,Image 1,1,33010,
8.20739e+07,,Surface,38,Image 1,1,33011,
4.21049e+07,,Surface,38,Image 1,1,33012,
7.22901e+07,,Surface,38,Image 1,1,33013,
3.93762e+07,,Surface,38,Image 1,1,33014,
1.42945e+07,,Surface,38,Image 1,1,33015,
1.29869e+08,,Surface,38,Image 1,1,33016,
4.2554e+07,,Surface,38,Image 1,1,33017,
3.38853e+07,,Surface,38,Image 1,1,33018,
5.70882e+06,,Surface,38,Image 1,1,33019,
4.06882e+07,,Surface,38,Image 1,1,33020,
1.63096e+08,,Surface,38,Image 1,1,33021,
9.79557e+06,,Surface,38,Image 1,1,33022,
1.16407e+08,,Surface,38,Image 1,1,33024,
1.08377e+07,,Surface,38,Image 1,1,33025,
8.64143e+07,,Surface,38,Image 1,1,33029,
1.61251e+07,,Surface,38,Image 1,1,33033,
9.90868e+07,,Surface,38,Image 1,1,33034,
9.07092e+07,,Surface,38,Image 1,1,33035,
6.05429e+07,,Surface,38,Image 1,1,33036,
7.62822e+06,,Surface,38,Image 1,1,33037,
4.00492e+07,,Surface,38,Image 1,1,33038,
2.24404e+07,,Surface,38,Image 1,1,33039,
3.07929e+07,,Surface,38,Image 1,1,33041,
2.34772e+07,,Surface,38,Image 1,1,33042,
1.80044e+07,,Surface,38,Image 1,1,33043,
2.43237e+07,,Surface,38,Image 1,1,33044,
4.84271e+07,,Surface,38,Image 1,1,33045,
3.03732e+07,,Surface,38,Image 1,1,33046,
1.8167e+07,,Surface,38,Image 1,1,33047,
8.9426e+07,,Surface,38,Image 1,1,33048,
3.59661e+07,,Surface,38,Image 1,1,33049,
5.07931e+07,,Surface,38,Image 1,1,33050,
1.6055e+07,,Surface,38,Image 1,1,33051,
8.20841e+06,,Surface,38,Image 1,1,33052,
1.91525e+07,,Surface,38,Image 1,1,33053,
2.60606e+07,,Surface,38,Image 1,1,33055,
7.43609e+07,,Surface,38,Image 1,1,33056,
3.54494e+07,,Surface,38,Image 1,1,33057,
2.44812e+07,,Surface,38,Image 1,1,33058,
1.01499e+07,,Surface,38,Image 1,1,33059,
3.96678e+07,,Surface,38,Image 1,1,33060,
7.89726e+07,,Surface,38,Image 1,1,33061,
2.91165e+07,,Surface,38,Image 1,1,33062,
1.57272e+08,,Surface,38,Image 1,1,33065,
5.82352e+07,,Surface,38,Image 1,1,33066,
2.57244e+07,,Surface,38,Image 1,1,33067,
1.24776e+07,,Surface,38,Image 1,1,33068,
9.01362e+06,,Surface,38,Image 1,1,33069,
2.87308e+07,,Surface,38,Image 1,1,33070,
4.77358e+07,,Surface,38,Image 1,1,33071,
7.74248e+07,,Surface,38,Image 1,1,33073,
8.56178e+07,,Surface,38,Image 1,1,33074,
4.25317e+07,,Surface,38,Image 1,1,33076,
3.5473e+07,,Surface,38,Image 1,1,33077,
5.40819e+07,,Surface,38,Image 1,1,33078,
1.44798e+07,,Surface,38,Image 1,1,33079,
2.26187e+07,,Surface,38,Image 1,1,33080,
4.13624e+07,,Surface,38,Image 1,1,33082,
1.09901e+07,,Surface,38,Image 1,1,33083,
5.3325e+07,,Surface,38,Image 1,1,33084,
4.14424e+07,,Surface,38,Image 1,1,33086,
1.29092e+07,,Surface,38,Image 1,1,33087,
2.87257e+07,,Surface,38,Image 1,1,33088,
4.4184e+07,,Surface,38,Image 1,1,33089,
1.18718e+07,,Surface,38,Image 1,1,33090,
9.11345e+07,,Surface,38,Image 1,1,33091,
5.95143e+07,,Surface,38,Image 1,1,33092,
2.28109e+07,,Surface,38,Image 1,1,33093,
6.27687e+07,,Surface,38,Image 1,1,33094,
1.80068e+07,,Surface,38,Image 1,1,33095,
8.89712e+07,,Surface,38,Image 1,1,33096,
2.53252e+07,,Surface,38,Image 1,1,33097,
1.75619e+08,,Surface,38,Image 1,1,33098,
1.70688e+07,,Surface,38,Image 1,1,33100,
2.27197e+07,,Surface,38,Image 1,1,33101,
5.75092e+07,,Surface,38,Image 1,1,33102,
1.56486e+08,,Surface,38,Image 1,1,33103,
1.37017e+08,,Surface,38,Image 1,1,33104,
3.42181e+07,,Surface,38,Image 1,1,33105,
4.15912e+07,,Surface,38,Image 1,1,33106,
6.96516e+07,,Surface,38,Image 1,1,33107,
3.84826e+07,,Surface,38,Image 1,1,33108,
5.77338e+07,,Surface,38,Image 1,1,33109,
4.20303e+07,,Surface,38,Image 1,1,33110,
2.65295e+07,,Surface,38,Image 1,1,33112,
2.62092e+07,,Surface,38,Image 1,1,33113,
1.09059e+07,,Surface,38,Image 1,1,33114,
2.12163e+07,,Surface,38,Image 1,1,33115,
4.70026e+07,,Surface,38,Image 1,1,33116,
6.75748e+07,,Surface,38,Image 1,1,33117,
2.38641e+07,,Surface,38,Image 1,1,33118,
3.285e+07,,Surface,38,Image 1,1,33119,
3.13356e+07,,Surface,38,Image 1,1,33120,
2.05104e+07,,Surface,38,Image 1,1,33121,
7.8736e+06,,Surface,38,Image 1,1,33122,
4.80945e+07,,Surface,38,Image 1,1,33123,
2.59895e+07,,Surface,38,Image 1,1,33125,
1.8488e+07,,Surface,38,Image 1,1,33126,
8.75841e+07,,Surface,38,Image 1,1,33127,
5.5542e+06,,Surface,38,Image 1,1,33128,
8.2297e+07,,Surface,38,Image 1,1,33129,
3.66284e+07,,Surface,38,Image 1,1,33130,
5.14108e+07,,Surface,38,Image 1,1,33131,
8.61191e+07,,Surface,38,Image 1,1,33132,
3.58823e+07,,Surface,38,Image 1,1,33133,
2.95813e+07,,Surface,38,Image 1,1,33134,
1.18089e+08,,Surface,38,Image 1,1,33135,
2.54042e+07,,Surface,38,Image 1,1,33136,
3.41246e+07,,Surface,38,Image 1,1,33137,
5.12815e+07,,Surface,38,Image 1,1,33138,
6.35661e+07,,Surface,38,Image 1,1,33139,
1.4318e+07,,Surface,38,Image 1,1,33140,
4.01351e+07,,Surface,38,Image 1,1,33141,
6.75926e+07,,Surface,38,Image 1,1,33143,
4.26851e+07,,Surface,38,Image 1,1,33145,
4.95137e+07,,Surface,38,Image 1,1,33146,
1.00162e+07,,Surface,38,Image 1,1,33147,
2.37052e+07,,Surface,38,Image 1,1,33148,
5.24047e+07,,Surface,38,Image 1,1,33149,
2.05492e+07,,Surface,38,Image 1,1,33150,
9.79156e+07,,Surface,38,Image 1,1,33152,
2.18159e+07,,Surface,38,Image 1,1,33153,
1.35117e+07,,Surface,38,Image 1,1,33154,
2.73013e+07,,Surface,38,Image 1,1,33155,
4.07728e+07,,Surface,38,Image 1,1,33156,
2.41715e+07,,Surface,38,Image 1,1,33157,
1.11321e+07,,Surface,38,Image 1,1,33158,
9.09262e+06,,Surface,38,Image 1,1,33159,
7.69143e+07,,Surface,38,Image 1,1,33160,
7.26583e+07,,Surface,38,Image 1,1,33161,
2.45418e+07,,Surface,38,Image 1,1,33162,
5.89431e+07,,Surface,38,Image 1,1,33163,
1.02376e+08,,Surface,38,Image 1,1,33164,
8.21547e+06,,Surface,38,Image 1,1,33165,
6.1277e+07,,Surface,38,Image 1,1,33166,
6.22758e+07,,Surface,38,Image 1,1,33167,
2.80477e+07,,Surface,38,Image 1,1,33168,
5.0414e+07,,Surface,38,Image 1,1,33169,
4.00387e+07,,Surface,38,Image 1,1,33170,
2.93928e+07,,Surface,38,Image 1,1,33171,
2.02731e+07,,Surface,38,Image 1,1,33172,
3.95935e+07,,Surface,38,Image 1,1,33173,
2.52148e+07,,Surface,38,Image 1,1,33174,
5.52893e+07,,Surface,38,Image 1,1,33175,
5.08926e+07,,Surface,38,Image 1,1,33176,
1.56666e+07,,Surface,38,Image 1,1,33177,
7.65109e+06,,Surface,38,Image 1,1,33178,
9.28778e+07,,Surface,38,Image 1,1,33179,
3.3874e+07,,Surface,38,Image 1,1,33180,
1.20732e+08,,Surface,38,Image 1,1,33181,
3.16289e+07,,Surface,38,Image 1,1,33182,
4.16044e+07,,Surface,38,Image 1,1,33184,
8.2396e+07,,Surface,38,Image 1,1,33185,
1.22914e+07,,Surface,38,Image 1,1,33187,
8.25359e+07,,Surface,38,Image 1,1,33188,
2.56727e+07,,Surface,38,Image 1,1,33189,
2.13773e+07,,Surface,38,Image 1,1,33190,
6.73699e+06,,Surface,38,Image 1,1,33191,
4.35747e+07,,Surface,38,Image 1,1,33192,
2.07811e+07,,Surface,38,Image 1,1,33194,
3.76009e+07,,Surface,38,Image 1,1,33195,
9.36513e+07,,Surface,38,Image 1,1,33196,
8.07314e+06,,Surface,38,Image 1,1,33197,
5.76367e+07,,Surface,38,Image 1,1,33198,
4.36485e+07,,Surface,38,Image 1,1,33199,
3.09142e+07,,Surface,38,Image 1,1,33200,
2.82294e+07,,Surface,38,Image 1,1,33201,
2.66346e+07,,Surface,38,Image 1,1,33202,
2.02934e+07,,Surface,38,Image 1,1,33203,
2.8108e+07,,Surface,38,Image 1,1,33205,
1.13288e+07,,Surface,38,Image 1,1,33206,
1.07506e+07,,Surface,38,Image 1,1,33207,
1.08132e+08,,Surface,38,Image 1,1,33208,
1.09707e+08,,Surface,38,Image 1,1,33209,
1.00645e+07,,Surface,38,Image 1,1,33210,
1.30653e+07,,Surface,38,Image 1,1,33211,
1.76871e+07,,Surface,38,Image 1,1,33212,
2.64291e+07,,Surface,38,Image 1,1,33213,
2.61353e+07,,Surface,38,Image 1,1,33215,
1.84412e+07,,Surface,38,Image 1,1,33216,
1.13353e+08,,Surface,38,Image 1,1,33217,
7.92208e+06,,Surface,38,Image 1,1,33218,
8.06103e+06,,Surface,38,Image 1,1,33219,
8.38213e+06,,Surface,38,Image 1,1,33220,
2.17958e+07,,Surface,38,Image 1,1,33221,
1.3885e+07,,Surface,38,Image 1,1,33222,
4.09725e+07,,Surface,38,Image 1,1,33223,
3.56639e+07,,Surface,38,Image 1,1,33224,
2.0025e+07,,Surface,38,Image 1,1,33225,
3.99662e+07,,Surface,38,Image 1,1,33226,
4.44388e+07,,Surface,38,Image 1,1,33228,
6.79027e+06,,Surface,38,Image 1,1,33229,
2.38949e+07,,Surface,38,Image 1,1,33231,
7.27822e+07,,Surface,38,Image 1,1,33232,
3.38409e+07,,Surface,38,Image 1,1,33233,
1.15205e+08,,Surface,38,Image 1,1,33234,
1.4998e+08,,Surface,38,Image 1,1,33235,
1.67332e+07,,Surface,38,Image 1,1,33236,
4.19857e+07,,Surface,38,Image 1,1,33237,
1.393e+07,,Surface,38,Image 1,1,33238,
3.01873e+07,,Surface,38,Image 1,1,33239,
2.33955e+07,,Surface,38,Image 1,1,33240,
9.56016e+07,,Surface,38,Image 1,1,33241,
2.87321e+07,,Surface,38,Image 1,1,33242,
6.1135e+07,,Surface,38,Image 1,1,33245,
5.84572e+07,,Surface,38,Image 1,1,33246,
3.00072e+07,,Surface,38,Image 1,1,33247,
2.39334e+07,,Surface,38,Image 1,1,33248,
1.72215e+07,,Surface,38,Image 1,1,33249,
3.79118e+07,,Surface,38,Image 1,1,33250,
9.02678e+07,,Surface,38,Image 1,1,33251,
7.64729e+07,,Surface,38,Image 1,1,33252,
2.7167e+08,,Surface,38,Image 1,1,33253,
2.95899e+07,,Surface,38,Image 1,1,33254,
2.11742e+07,,Surface,38,Image 1,1,33255,
9.56247e+07,,Surface,38,Image 1,1,33256,
1.9915e+07,,Surface,38,Image 1,1,33257,
4.93697e+07,,Surface,38,Image 1,1,33258,
1.70406e+07,,Surface,38,Image 1,1,33259,
4.1093e+07,,Surface,38,Image 1,1,33260,
1.74528e+07,,Surface,38,Image 1,1,33261,
4.48207e+07,,Surface,38,Image 1,1,33262,
7.23814e+07,,Surface,38,Image 1,1,33263,
3.29775e+06,,Surface,38,Image 1,1,33264,
1.35751e+08,,Surface,38,Image 1,1,33265,
2.28761e+07,,Surface,38,Image 1,1,33266,
1.47659e+07,,Surface,38,Image 1,1,33268,
6.66813e+07,,Surface,38,Image 1,1,33269,
4.70379e+07,,Surface,38,Image 1,1,33270,
4.93963e+07,,Surface,38,Image 1,1,33271,
3.85592e+07,,Surface,38,Image 1,1,33272,
4.37157e+07,,Surface,38,Image 1,1,33274,
1.96281e+07,,Surface,38,Image 1,1,33275,
3.16102e+07,,Surface,38,Image 1,1,33276,
3.45156e+07,,Surface,38,Image 1,1,33277,
8.15471e+07,,Surface,38,Image 1,1,33279,
3.08558e+07,,Surface,38,Image 1,1,33280,
3.31379e+07,,Surface,38,Image 1,1,33281,
1.32997e+07,,Surface,38,Image 1,1,33282,
3.1141e+06,,Surface,38,Image 1,1,33283,
6.09294e+06,,Surface,38,Image 1,1,33284,
9.93407e+06,,Surface,38,Image 1,1,33286,
2.29427e+07,,Surface,38,Image 1,1,33287,
3.62835e+07,,Surface,38,Image 1,1,33288,
7.43024e+07,,Surface,38,Image 1,1,33290,
1.36606e+08,,Surface,38,Image 1,1,33291,
5.44635e+07,,Surface,38,Image 1,1,33292,
4.50368e+07,,Surface,38,Image 1,1,33293,
2.04237e+07,,Surface,38,Image 1,1,33294,
2.41091e+07,,Surface,38,Image 1,1,33295,
1.1671e+08,,Surface,38,Image 1,1,33296,
7.34593e+07,,Surface,38,Image 1,1,33297,
5.35259e+07,,Surface,38,Image 1,1,33298,
2.81087e+07,,Surface,38,Image 1,1,33299,
7.60475e+06,,Surface,38,Image 1,1,33300,
4.54704e+07,,Surface,38,Image 1,1,33302,
5.09667e+07,,Surface,38,Image 1,1,33303,
1.89591e+07,,Surface,38,Image 1,1,33304,
2.64353e+07,,Surface,38,Image 1,1,33307,
2.36113e+07,,Surface,38,Image 1,1,33308,
6.12253e+07,,Surface,38,Image 1,1,33309,
2.85569e+07,,Surface,38,Image 1,1,33310,
1.35372e+07,,Surface,38,Image 1,1,33311,
8.17613e+06,,Surface,38,Image 1,1,33312,
2.72062e+07,,Surface,38,Image 1,1,33313,
8.30585e+07,,Surface,38,Image 1,1,33314,
5.97819e+06,,Surface,38,Image 1,1,33315,
2.44708e+06,,Surface,38,Image 1,1,33317,
8.85483e+07,,Surface,38,Image 1,1,33318,
2.60235e+07,,Surface,38,Image 1,1,33319,
8.90886e+07,,Surface,38,Image 1,1,33320,
1.34849e+07,,Surface,38,Image 1,1,33321,
1.14977e+07,,Surface,38,Image 1,1,33322,
4.84073e+06,,Surface,38,Image 1,1,33323,
3.49399e+07,,Surface,38,Image 1,1,33324,
2.10816e+07,,Surface,38,Image 1,1,33326,
7.48764e+07,,Surface,38,Image 1,1,33328,
6.30185e+07,,Surface,38,Image 1,1,33329,
1.57721e+07,,Surface,38,Image 1,1,33331,
4.99109e+07,,Surface,38,Image 1,1,33333,
3.04949e+07,,Surface,38,Image 1,1,33334,
3.57035e+07,,Surface,38,Image 1,1,33335,
4.95701e+06,,Surface,38,Image 1,1,33336,
1.05088e+07,,Surface,38,Image 1,1,33337,
1.12305e+07,,Surface,38,Image 1,1,33338,
3.32138e+07,,Surface,38,Image 1,1,33339,
8.59753e+07,,Surface,38,Image 1,1,33341,
9.90994e+06,,Surface,38,Image 1,1,33342,
2.07107e+07,,Surface,38,Image 1,1,33343,
6.61692e+07,,Surface,38,Image 1,1,33344,
2.3025e+07,,Surface,38,Image 1,1,33345,
2.61962e+07,,Surface,38,Image 1,1,33346,
3.70906e+07,,Surface,38,Image 1,1,33347,
6.44229e+07,,Surface,38,Image 1,1,33348,
2.16249e+07,,Surface,38,Image 1,1,33349,
4.22408e+07,,Surface,38,Image 1,1,33350,
1.25427e+07,,Surface,38,Image 1,1,33351,
4.71138e+07,,Surface,38,Image 1,1,33354,
5.91859e+07,,Surface,38,Image 1,1,33355,
4.88303e+07,,Surface,38,Image 1,1,33356,
2.57431e+07,,Surface,38,Image 1,1,33357,
1.15551e+07,,Surface,38,Image 1,1,33358,
3.58237e+07,,Surface,38,Image 1,1,33361,
3.44001e+07,,Surface,38,Image 1,1,33362,
9.72932e+06,,Surface,38,Image 1,1,33363,
1.13665e+08,,Surface,38,Image 1,1,33364,
2.90033e+07,,Surface,38,Image 1,1,33365,
4.88936e+07,,Surface,38,Image 1,1,33366,
2.75574e+07,,Surface,38,Image 1,1,33367,
6.55364e+07,,Surface,38,Image 1,1,33368,
2.27865e+07,,Surface,38,Image 1,1,33369,
1.74116e+07,,Surface,38,Image 1,1,33370,
1.70367e+07,,Surface,38,Image 1,1,33371,
7.1772e+06,,Surface,38,Image 1,1,33372,
3.71606e+07,,Surface,38,Image 1,1,33373,
3.99517e+07,,Surface,38,Image 1,1,33374,
1.58841e+07,,Surface,38,Image 1,1,33375,
1.08074e+07,,Surface,38,Image 1,1,33376,
2.85566e+07,,Surface,38,Image 1,1,33378,
1.91772e+08,,Surface,38,Image 1,1,33379,
1.1808e+07,,Surface,38,Image 1,1,33380,
2.07585e+07,,Surface,38,Image 1,1,33381,
1.40024e+07,,Surface,38,Image 1,1,33383,
1.7476e+07,,Surface,38,Image 1,1,33384,
2.21084e+07,,Surface,38,Image 1,1,33385,
4.71236e+07,,Surface,38,Image 1,1,33386,
8.63904e+07,,Surface,38,Image 1,1,33387,
4.5728e+07,,Surface,38,Image 1,1,33388,
6.89566e+07,,Surface,38,Image 1,1,33389,
5.18165e+07,,Surface,38,Image 1,1,33391,
8.54091e+07,,Surface,38,Image 1,1,33392,
5.80269e+07,,Surface,38,Image 1,1,33393,
1.14124e+08,,Surface,38,Image 1,1,33395,
3.80512e+07,,Surface,38,Image 1,1,33396,
3.75261e+07,,Surface,38,Image 1,1,33397,
1.52839e+07,,Surface,38,Image 1,1,33398,
7.96695e+07,,Surface,38,Image 1,1,33401,
1.47742e+08,,Surface,38,Image 1,1,33402,
5.36283e+07,,Surface,38,Image 1,1,33403,
3.81361e+07,,Surface,38,Image 1,1,33404,
4.31727e+07,,Surface,38,Image 1,1,33405,
3.61312e+07,,Surface,38,Image 1,1,33406,
1.4852e+08,,Surface,38,Image 1,1,33407,
1.64294e+08,,Surface,38,Image 1,1,33408,
2.017e+07,,Surface,38,Image 1,1,33409,
3.30495e+07,,Surface,38,Image 1,1,33410,
4.2139e+07,,Surface,38,Image 1,1,33411,
4.92108e+07,,Surface,38,Image 1,1,33412,
1.56104e+08,,Surface,38,Image 1,1,33413,
3.47733e+07,,Surface,38,Image 1,1,33414,
5.33525e+07,,Surface,38,Image 1,1,33415,
3.32462e+07,,Surface,38,Image 1,1,33416,
1.59234e+07,,Surface,38,Image 1,1,33417,
1.7283e+07,,Surface,38,Image 1,1,33419,
1.94925e+07,,Surface,38,Image 1,1,33420,
1.02384e+08,,Surface,38,Image 1,1,33421,
2.12438e+07,,Surface,38,Image 1,1,33422,
1.02194e+08,,Surface,38,Image 1,1,33423,
2.59495e+07,,Surface,38,Image 1,1,33424,
4.75292e+07,,Surface,38,Image 1,1,33425,
1.48019e+07,,Surface,38,Image 1,1,33427,
6.50726e+07,,Surface,38,Image 1,1,33428,
2.05005e+07,,Surface,38,Image 1,1,33430,
4.54839e+06,,Surface,38,Image 1,1,33431,
2.81767e+07,,Surface,38,Image 1,1,33432,
4.85755e+07,,Surface,38,Image 1,1,33433,
1.41494e+08,,Surface,38,Image 1,1,33434,
1.671e+07,,Surface,38,Image 1,1,33435,
5.10442e+06,,Surface,38,Image 1,1,33436,
2.2941e+07,,Surface,38,Image 1,1,33438,
2.544e+07,,Surface,38,Image 1,1,33439,
7.82583e+07,,Surface,38,Image 1,1,33440,
1.32041e+07,,Surface,38,Image 1,1,33441,
1.17347e+08,,Surface,38,Image 1,1,33442,
2.82082e+07,,Surface,38,Image 1,1,33443,
3.80444e+07,,Surface,38,Image 1,1,33444,
1.35755e+08,,Surface,38,Image 1,1,33445,
5.34696e+07,,Surface,38,Image 1,1,33446,
1.32306e+08,,Surface,38,Image 1,1,33447,
3.28745e+07,,Surface,38,Image 1,1,33448,
2.60121e+07,,Surface,38,Image 1,1,33449,
5.23388e+07,,Surface,38,Image 1,1,33450,
1.72651e+07,,Surface,38,Image 1,1,33451,
7.38004e+07,,Surface,38,Image 1,1,33452,
7.25827e+07,,Surface,38,Image 1,1,33453,
2.36432e+07,,Surface,38,Image 1,1,33454,
1.75164e+07,,Surface,38,Image 1,1,33455,
3.60797e+07,,Surface,38,Image 1,1,33456,
5.02729e+07,,Surface,38,Image 1,1,33457,
2.43649e+07,,Surface,38,Image 1,1,33458,
3.33305e+07,,Surface,38,Image 1,1,33459,
2.54047e+07,,Surface,38,Image 1,1,33460,
1.60613e+07,,Surface,38,Image 1,1,33461,
1.75748e+08,,Surface,38,Image 1,1,33462,
5.87019e+06,,Surface,38,Image 1,1,33463,
2.03561e+07,,Surface,38,Image 1,1,33465,
1.66351e+07,,Surface,38,Image 1,1,33466,
5.49575e+06,,Surface,38,Image 1,1,33467,
3.02155e+07,,Surface,38,Image 1,1,33468,
2.64795e+07,,Surface,38,Image 1,1,33469,
5.40269e+07,,Surface,38,Image 1,1,33470,
9.64909e+07,,Surface,38,Image 1,1,33471,
2.01036e+07,,Surface,38,Image 1,1,33472,
1.63845e+07,,Surface,38,Image 1,1,33473,
9.86425e+06,,Surface,38,Image 1,1,33474,
4.34229e+07,,Surface,38,Image 1,1,33475,
1.89592e+07,,Surface,38,Image 1,1,33476,
7.17269e+07,,Surface,38,Image 1,1,33477,
8.88219e+07,,Surface,38,Image 1,1,33478,
1.01791e+08,,Surface,38,Image 1,1,33479,
4.88737e+07,,Surface,38,Image 1,1,33480,
3.88382e+07,,Surface,38,Image 1,1,33481,
8.94145e+07,,Surface,38,Image 1,1,33482,
5.17773e+07,,Surface,38,Image 1,1,33485,
4.7135e+07,,Surface,38,Image 1,1,33486,
3.57328e+07,,Surface,38,Image 1,1,33487,
8.40483e+06,,Surface,38,Image 1,1,33488,
4.24577e+07,,Surface,38,Image 1,1,33489,
4.09724e+07,,Surface,38,Image 1,1,33490,
1.87487e+07,,Surface,38,Image 1,1,33491,
1.1337e+07,,Surface,38,Image 1,1,33492,
7.75893e+07,,Surface,38,Image 1,1,33493,
1.30721e+08,,Surface,38,Image 1,1,33494,
5.14445e+06,,Surface,38,Image 1,1,33495,
6.00913e+06,,Surface,38,Image 1,1,33496,
6.91917e+07,,Surface,38,Image 1,1,33497,
2.02297e+07,,Surface,38,Image 1,1,33498,
3.56388e+07,,Surface,38,Image 1,1,33499,
2.68194e+07,,Surface,38,Image 1,1,33500,
8.73014e+07,,Surface,38,Image 1,1,33502,
1.05543e+07,,Surface,38,Image 1,1,33503,
6.53331e+07,,Surface,38,Image 1,1,33504,
1.62521e+07,,Surface,38,Image 1,1,33505,
1.02125e+07,,Surface,38,Image 1,1,33506,
4.60274e+07,,Surface,38,Image 1,1,33507,
4.68988e+07,,Surface,38,Image 1,1,33508,
8.98303e+07,,Surface,38,Image 1,1,33509,
1.50415e+08,,Surface,38,Image 1,1,33510,
7.25721e+06,,Surface,38,Image 1,1,33511,
8.52057e+07,,Surface,38,Image 1,1,33512,
2.01032e+07,,Surface,38,Image 1,1,33513,
4.15362e+07,,Surface,38,Image 1,1,33514,
4.50599e+07,,Surface,38,Image 1,1,33515,
3.92817e+07,,Surface,38,Image 1,1,33516,
6.15093e+07,,Surface,38,Image 1,1,33520,
1.15895e+08,,Surface,38,Image 1,1,33521,
2.90133e+07,,Surface,38,Image 1,1,33522,
1.18466e+07,,Surface,38,Image 1,1,33523,
7.27316e+07,,Surface,38,Image 1,1,33524,
3.76516e+07,,Surface,38,Image 1,1,33525,
4.53539e+07,,Surface,38,Image 1,1,33526,
4.05847e+06,,Surface,38,Image 1,1,33527,
1.02201e+08,,Surface,38,Image 1,1,33529,
4.92093e+06,,Surface,38,Image 1,1,33530,
1.94393e+07,,Surface,38,Image 1,1,33531,
5.76996e+07,,Surface,38,Image 1,1,33532,
4.63893e+07,,Surface,38,Image 1,1,33533,
1.74171e+08,,Surface,38,Image 1,1,33534,
7.3712e+07,,Surface,38,Image 1,1,33535,
1.35916e+08,,Surface,38,Image 1,1,33536,
1.62628e+07,,Surface,38,Image 1,1,33538,
5.74742e+07,,Surface,38,Image 1,1,33541,
3.31063e+07,,Surface,38,Image 1,1,33542,
8.03963e+06,,Surface,38,Image 1,1,33543,
1.68546e+07,,Surface,38,Image 1,1,33544,
5.59791e+07,,Surface,38,Image 1,1,33545,
7.70528e+07,,Surface,38,Image 1,1,33546,
9.19279e+07,,Surface,38,Image 1,1,33547,
6.22033e+07,,Surface,38,Image 1,1,33548,
9.1121e+07,,Surface,38,Image 1,1,33549,
6.8442e+07,,Surface,38,Image 1,1,33550,
1.74054e+07,,Surface,38,Image 1,1,33551,
1.56734e+07,,Surface,38,Image 1,1,33552,
3.76099e+07,,Surface,38,Image 1,1,33554,
5.1593e+07,,Surface,38,Image 1,1,33555,
4.30619e+07,,Surface,38,Image 1,1,33556,
5.6235e+07,,Surface,38,Image 1,1,33558,
3.71967e+07,,Surface,38,Image 1,1,33559,
1.42455e+07,,Surface,38,Image 1,1,33560,
8.59615e+07,,Surface,38,Image 1,1,33561,
5.65071e+07,,Surface,38,Image 1,1,33562,
4.15262e+07,,Surface,38,Image 1,1,33563,
5.49907e+07,,Surface,38,Image 1,1,33566,
5.4208e+06,,Surface,38,Image 1,1,33567,
1.67463e+07,,Surface,38,Image 1,1,33568,
2.35388e+07,,Surface,38,Image 1,1,33569,
1.21631e+08,,Surface,38,Image 1,1,33570,
4.55519e+07,,Surface,38,Image 1,1,33571,
4.77646e+07,,Surface,38,Image 1,1,33572,
8.81472e+07,,Surface,38,Image 1,1,33573,
3.41611e+07,,Surface,38,Image 1,1,33574,
5.08917e+07,,Surface,38,Image 1,1,33575,
1.04189e+08,,Surface,38,Image 1,1,33577,
544499,,Surface,38,Image 1,1,33578,
1.2379e+07,,Surface,38,Image 1,1,33579,
4.49713e+07,,Surface,38,Image 1,1,33580,
1.49116e+07,,Surface,38,Image 1,1,33581,
5.3956e+07,,Surface,38,Image 1,1,33582,
1.0849e+07,,Surface,38,Image 1,1,33584,
8.7498e+06,,Surface,38,Image 1,1,33585,
2.45131e+07,,Surface,38,Image 1,1,33586,
8.6054e+07,,Surface,38,Image 1,1,33587,
8.11305e+07,,Surface,38,Image 1,1,33588,
4.15729e+07,,Surface,38,Image 1,1,33589,
9.26674e+07,,Surface,38,Image 1,1,33590,
1.1542e+07,,Surface,38,Image 1,1,33591,
1.71183e+08,,Surface,38,Image 1,1,33592,
6.13676e+07,,Surface,38,Image 1,1,33593,
3.76154e+07,,Surface,38,Image 1,1,33594,
1.1573e+08,,Surface,38,Image 1,1,33597,
2.13232e+07,,Surface,38,Image 1,1,33598,
1.42323e+08,,Surface,38,Image 1,1,33599,
2.14087e+07,,Surface,38,Image 1,1,33600,
4.81778e+07,,Surface,38,Image 1,1,33601,
1.342e+07,,Surface,38,Image 1,1,33602,
1.49774e+07,,Surface,38,Image 1,1,33603,
9.75664e+07,,Surface,38,Image 1,1,33604,
5.37921e+07,,Surface,38,Image 1,1,33605,
6.19356e+07,,Surface,38,Image 1,1,33606,
1.78708e+07,,Surface,38,Image 1,1,33607,
1.59029e+08,,Surface,38,Image 1,1,33608,
3.82551e+07,,Surface,38,Image 1,1,33610,
3.73777e+07,,Surface,38,Image 1,1,33611,
1.17049e+07,,Surface,38,Image 1,1,33612,
1.75619e+07,,Surface,38,Image 1,1,33613,
6.86045e+07,,Surface,38,Image 1,1,33614,
2.07107e+07,,Surface,38,Image 1,1,33616,
1.23868e+07,,Surface,38,Image 1,1,33617,
3.01038e+07,,Surface,38,Image 1,1,33619,
3.5746e+07,,Surface,38,Image 1,1,33620,
1.34279e+07,,Surface,38,Image 1,1,33621,
9.40096e+06,,Surface,38,Image 1,1,33622,
1.29292e+08,,Surface,38,Image 1,1,33623,
3.2994e+07,,Surface,38,Image 1,1,33624,
1.39295e+07,,Surface,38,Image 1,1,33626,
1.46777e+07,,Surface,38,Image 1,1,33627,
8.18124e+06,,Surface,38,Image 1,1,33628,
2.01639e+08,,Surface,38,Image 1,1,33629,
5.68158e+07,,Surface,38,Image 1,1,33630,
5.49153e+06,,Surface,38,Image 1,1,33631,
5.05453e+07,,Surface,38,Image 1,1,33635,
5.81113e+07,,Surface,38,Image 1,1,33636,
3.11375e+07,,Surface,38,Image 1,1,33638,
5.27448e+07,,Surface,38,Image 1,1,33639,
2.09548e+07,,Surface,38,Image 1,1,33640,
5.85805e+07,,Surface,38,Image 1,1,33641,
9.00519e+07,,Surface,38,Image 1,1,33642,
6.44147e+07,,Surface,38,Image 1,1,33643,
2.474e+07,,Surface,38,Image 1,1,33644,
3.10582e+07,,Surface,38,Image 1,1,33645,
1.35313e+07,,Surface,38,Image 1,1,33646,
2.53843e+07,,Surface,38,Image 1,1,33647,
2.24617e+07,,Surface,38,Image 1,1,33648,
4.47127e+07,,Surface,38,Image 1,1,33650,
5.66374e+06,,Surface,38,Image 1,1,33651,
1.81145e+08,,Surface,38,Image 1,1,33652,
1.2832e+07,,Surface,38,Image 1,1,33653,
5.26287e+06,,Surface,38,Image 1,1,33654,
6.08372e+07,,Surface,38,Image 1,1,33656,
7.71765e+07,,Surface,38,Image 1,1,33657,
4.88389e+07,,Surface,38,Image 1,1,33658,
3.49622e+07,,Surface,38,Image 1,1,33659,
2.46173e+07,,Surface,38,Image 1,1,33660,
6.86772e+07,,Surface,38,Image 1,1,33661,
1.79279e+07,,Surface,38,Image 1,1,33662,
1.35931e+07,,Surface,38,Image 1,1,33663,
4.08581e+06,,Surface,38,Image 1,1,33664,
3.56219e+07,,Surface,38,Image 1,1,33666,
5.89233e+07,,Surface,38,Image 1,1,33667,
6.59167e+07,,Surface,38,Image 1,1,33668,
2.07516e+07,,Surface,38,Image 1,1,33669,
1.80079e+08,,Surface,38,Image 1,1,33670,
2.07646e+07,,Surface,38,Image 1,1,33671,
3.14952e+07,,Surface,38,Image 1,1,33672,
1.6173e+07,,Surface,38,Image 1,1,33673,
3.74002e+07,,Surface,38,Image 1,1,33674,
8.89319e+06,,Surface,38,Image 1,1,33675,
2.034e+07,,Surface,38,Image 1,1,33677,
6.04673e+06,,Surface,38,Image 1,1,33678,
6.87116e+07,,Surface,38,Image 1,1,33679,
6.65336e+07,,Surface,38,Image 1,1,33680,
9.93857e+07,,Surface,38,Image 1,1,33681,
1.39603e+07,,Surface,38,Image 1,1,33682,
4.94915e+07,,Surface,38,Image 1,1,33684,
5.27455e+07,,Surface,38,Image 1,1,33685,
4.17261e+07,,Surface,38,Image 1,1,33686,
4.79519e+07,,Surface,38,Image 1,1,33687,
5.40438e+06,,Surface,38,Image 1,1,33688,
3.38992e+07,,Surface,38,Image 1,1,33689,
3.7463e+07,,Surface,38,Image 1,1,33692,
1.25068e+08,,Surface,38,Image 1,1,33693,
3.72731e+07,,Surface,38,Image 1,1,33695,
1.90825e+08,,Surface,38,Image 1,1,33696,
9.74454e+06,,Surface,38,Image 1,1,33697,
1.55847e+07,,Surface,38,Image 1,1,33698,
3.84474e+07,,Surface,38,Image 1,1,33699,
4.85596e+07,,Surface,38,Image 1,1,33700,
1.22771e+07,,Surface,38,Image 1,1,33701,
6.0612e+06,,Surface,38,Image 1,1,33702,
7.5938e+07,,Surface,38,Image 1,1,33703,
6.15207e+07,,Surface,38,Image 1,1,33704,
4.13079e+07,,Surface,38,Image 1,1,33705,
5.40611e+07,,Surface,38,Image 1,1,33706,
1.79196e+07,,Surface,38,Image 1,1,33707,
4.34961e+07,,Surface,38,Image 1,1,33708,
5.25776e+07,,Surface,38,Image 1,1,33709,
5.80688e+07,,Surface,38,Image 1,1,33710,
5.89902e+07,,Surface,38,Image 1,1,33711,
3.93153e+07,,Surface,38,Image 1,1,33712,
1.15034e+08,,Surface,38,Image 1,1,33713,
1.42851e+07,,Surface,38,Image 1,1,33714,
3.06469e+07,,Surface,38,Image 1,1,33715,
2.25742e+07,,Surface,38,Image 1,1,33716,
5.57028e+07,,Surface,38,Image 1,1,33717,
9.28062e+07,,Surface,38,Image 1,1,33718,
8.09979e+06,,Surface,38,Image 1,1,33719,
1.61615e+07,,Surface,38,Image 1,1,33720,
9.213e+07,,Surface,38,Image 1,1,33723,
3.01419e+07,,Surface,38,Image 1,1,33724,
1.17807e+07,,Surface,38,Image 1,1,33726,
1.43439e+07,,Surface,38,Image 1,1,33727,
1.45516e+08,,Surface,38,Image 1,1,33728,
4.9414e+07,,Surface,38,Image 1,1,33729,
3.50418e+07,,Surface,38,Image 1,1,33730,
1.5344e+08,,Surface,38,Image 1,1,33731,
8.39835e+07,,Surface,38,Image 1,1,33732,
4.05848e+07,,Surface,38,Image 1,1,33734,
1.41103e+07,,Surface,38,Image 1,1,33736,
6.551e+07,,Surface,38,Image 1,1,33737,
1.49968e+07,,Surface,38,Image 1,1,33738,
4.62952e+07,,Surface,38,Image 1,1,33739,
2.87486e+07,,Surface,38,Image 1,1,33740,
9.83507e+07,,Surface,38,Image 1,1,33741,
1.47082e+07,,Surface,38,Image 1,1,33742,
6.93392e+07,,Surface,38,Image 1,1,33743,
6.89205e+07,,Surface,38,Image 1,1,33744,
2.46645e+07,,Surface,38,Image 1,1,33745,
3.11584e+07,,Surface,38,Image 1,1,33746,
9.52623e+07,,Surface,38,Image 1,1,33747,
3.02971e+07,,Surface,38,Image 1,1,33748,
1.97832e+07,,Surface,38,Image 1,1,33750,
5.76768e+07,,Surface,38,Image 1,1,33751,
5.09639e+07,,Surface,38,Image 1,1,33752,
4.50368e+07,,Surface,38,Image 1,1,33754,
1.32897e+08,,Surface,38,Image 1,1,33755,
8.13761e+07,,Surface,38,Image 1,1,33756,
9.80414e+07,,Surface,38,Image 1,1,33757,
4.93435e+07,,Surface,38,Image 1,1,33759,
2.70425e+07,,Surface,38,Image 1,1,33760,
2.49022e+07,,Surface,38,Image 1,1,33761,
3.26548e+07,,Surface,38,Image 1,1,33762,
1.01864e+08,,Surface,38,Image 1,1,33763,
3.22545e+07,,Surface,38,Image 1,1,33764,
7.29126e+07,,Surface,38,Image 1,1,33766,
2.56068e+07,,Surface,38,Image 1,1,33767,
1.99986e+07,,Surface,38,Image 1,1,33769,
3.27971e+07,,Surface,38,Image 1,1,33770,
3.66808e+07,,Surface,38,Image 1,1,33771,
8.38758e+06,,Surface,38,Image 1,1,33772,
1.25299e+07,,Surface,38,Image 1,1,33773,
3.76583e+07,,Surface,38,Image 1,1,33774,
1.65072e+07,,Surface,38,Image 1,1,33775,
1.73643e+08,,Surface,38,Image 1,1,33777,
7.24197e+07,,Surface,38,Image 1,1,33778,
9.3624e+07,,Surface,38,Image 1,1,33779,
3.59508e+07,,Surface,38,Image 1,1,33780,
1.02219e+08,,Surface,38,Image 1,1,33781,
6.02984e+07,,Surface,38,Image 1,1,33782,
5.65134e+07,,Surface,38,Image 1,1,33784,
5.5427e+07,,Surface,38,Image 1,1,33785,
2.70114e+07,,Surface,38,Image 1,1,33786,
1.76625e+07,,Surface,38,Image 1,1,33787,
1.56327e+08,,Surface,38,Image 1,1,33788,
5.09831e+07,,Surface,38,Image 1,1,33789,
1.20541e+08,,Surface,38,Image 1,1,33790,
2.25481e+07,,Surface,38,Image 1,1,33791,
8.00126e+07,,Surface,38,Image 1,1,33792,
2.31199e+07,,Surface,38,Image 1,1,33794,
6.16426e+07,,Surface,38,Image 1,1,33795,
3.05139e+07,,Surface,38,Image 1,1,33797,
3.63851e+07,,Surface,38,Image 1,1,33798,
2.76698e+07,,Surface,38,Image 1,1,33799,
2.14528e+07,,Surface,38,Image 1,1,33800,
4.80546e+07,,Surface,38,Image 1,1,33801,
2.47382e+07,,Surface,38,Image 1,1,33802,
1.35002e+08,,Surface,38,Image 1,1,33803,
6.92697e+07,,Surface,38,Image 1,1,33804,
9.11254e+07,,Surface,38,Image 1,1,33805,
7.34774e+07,,Surface,38,Image 1,1,33806,
1.99688e+07,,Surface,38,Image 1,1,33808,
2.9995e+07,,Surface,38,Image 1,1,33809,
3.30699e+07,,Surface,38,Image 1,1,33810,
4.303e+07,,Surface,38,Image 1,1,33811,
7.80827e+07,,Surface,38,Image 1,1,33812,
9.32562e+06,,Surface,38,Image 1,1,33813,
1.88005e+08,,Surface,38,Image 1,1,33814,
2.321e+07,,Surface,38,Image 1,1,33815,
1.04042e+08,,Surface,38,Image 1,1,33816,
8.1681e+07,,Surface,38,Image 1,1,33817,
3.14877e+07,,Surface,38,Image 1,1,33818,
6.86963e+07,,Surface,38,Image 1,1,33819,
5.1099e+07,,Surface,38,Image 1,1,33820,
4.14452e+07,,Surface,38,Image 1,1,33821,
1.47297e+08,,Surface,38,Image 1,1,33822,
2.2658e+07,,Surface,38,Image 1,1,33823,
6.12231e+07,,Surface,38,Image 1,1,33825,
9.0831e+06,,Surface,38,Image 1,1,33826,
6.14993e+07,,Surface,38,Image 1,1,33827,
9.97562e+07,,Surface,38,Image 1,1,33828,
5.28615e+07,,Surface,38,Image 1,1,33829,
6.37664e+07,,Surface,38,Image 1,1,33830,
7.28684e+07,,Surface,38,Image 1,1,33831,
4.85517e+07,,Surface,38,Image 1,1,33832,
3.3357e+07,,Surface,38,Image 1,1,33834,
6.93689e+07,,Surface,38,Image 1,1,33835,
1.42085e+07,,Surface,38,Image 1,1,33836,
4.43389e+07,,Surface,38,Image 1,1,33837,
5.39192e+07,,Surface,38,Image 1,1,33838,
1.49067e+07,,Surface,38,Image 1,1,33839,
1.01034e+07,,Surface,38,Image 1,1,33840,
2.44118e+07,,Surface,38,Image 1,1,33842,
2.90385e+07,,Surface,38,Image 1,1,33843,
1.96288e+07,,Surface,38,Image 1,1,33844,
7.88338e+07,,Surface,38,Image 1,1,33845,
4.63713e+07,,Surface,38,Image 1,1,33847,
7.18696e+07,,Surface,38,Image 1,1,33848,
3.88685e+07,,Surface,38,Image 1,1,33849,
6.18333e+07,,Surface,38,Image 1,1,33850,
5.3764e+07,,Surface,38,Image 1,1,33851,
1.55035e+08,,Surface,38,Image 1,1,33852,
4.71563e+07,,Surface,38,Image 1,1,33853,
3.79736e+07,,Surface,38,Image 1,1,33855,
3.8021e+07,,Surface,38,Image 1,1,33856,
4.54868e+07,,Surface,38,Image 1,1,33858,
3.45413e+07,,Surface,38,Image 1,1,33859,
1.04131e+08,,Surface,38,Image 1,1,33860,
4.20906e+06,,Surface,38,Image 1,1,33862,
3.33679e+07,,Surface,38,Image 1,1,33863,
3.64629e+07,,Surface,38,Image 1,1,33864,
4.07012e+07,,Surface,38,Image 1,1,33865,
1.11294e+08,,Surface,38,Image 1,1,33866,
5.78506e+07,,Surface,38,Image 1,1,33867,
4.06426e+07,,Surface,38,Image 1,1,33868,
5.19608e+06,,Surface,38,Image 1,1,33869,
1.96188e+07,,Surface,38,Image 1,1,33870,
3.64671e+07,,Surface,38,Image 1,1,33872,
1.10301e+07,,Surface,38,Image 1,1,33873,
6.96757e+07,,Surface,38,Image 1,1,33875,
6.68858e+07,,Surface,38,Image 1,1,33876,
1.59309e+08,,Surface,38,Image 1,1,33877,
9.78846e+06,,Surface,38,Image 1,1,33878,
1.77606e+07,,Surface,38,Image 1,1,33879,
3.76263e+07,,Surface,38,Image 1,1,33881,
1.08647e+08,,Surface,38,Image 1,1,33882,
2.33417e+07,,Surface,38,Image 1,1,33883,
3.61248e+07,,Surface,38,Image 1,1,33884,
2.14981e+08,,Surface,38,Image 1,1,33885,
2.26168e+07,,Surface,38,Image 1,1,33886,
2.31863e+07,,Surface,38,Image 1,1,33887,
5.39602e+07,,Surface,38,Image 1,1,33888,
9.702e+06,,Surface,38,Image 1,1,33889,
2.09584e+07,,Surface,38,Image 1,1,33890,
2.95145e+07,,Surface,38,Image 1,1,33891,
5.69615e+07,,Surface,38,Image 1,1,33892,
1.98891e+07,,Surface,38,Image 1,1,33893,
5.89791e+07,,Surface,38,Image 1,1,33894,
1.61228e+07,,Surface,38,Image 1,1,33896,
2.7023e+07,,Surface,38,Image 1,1,33897,
1.03418e+08,,Surface,38,Image 1,1,33898,
1.4359e+08,,Surface,38,Image 1,1,33899,
7.08301e+07,,Surface,38,Image 1,1,33900,
6.8331e+07,,Surface,38,Image 1,1,33902,
4.56846e+07,,Surface,38,Image 1,1,33903,
5.50807e+07,,Surface,38,Image 1,1,33904,
1.21004e+08,,Surface,38,Image 1,1,33905,
2.37211e+07,,Surface,38,Image 1,1,33908,
4.47104e+07,,Surface,38,Image 1,1,33909,
1.84088e+07,,Surface,38,Image 1,1,33910,
1.7104e+07,,Surface,38,Image 1,1,33912,
2.96184e+07,,Surface,38,Image 1,1,33913,
8.98977e+07,,Surface,38,Image 1,1,33914,
3.62613e+07,,Surface,38,Image 1,1,33915,
5.35385e+07,,Surface,38,Image 1,1,33917,
4.34291e+07,,Surface,38,Image 1,1,33918,
2.10022e+07,,Surface,38,Image 1,1,33919,
4.752e+06,,Surface,38,Image 1,1,33921,
5.68201e+07,,Surface,38,Image 1,1,33922,
4.27278e+07,,Surface,38,Image 1,1,33924,
277952,,Surface,38,Image 1,1,33925,
855819,,Surface,38,Image 1,1,33926,
2.60517e+07,,Surface,38,Image 1,1,33927,
8.45251e+06,,Surface,38,Image 1,1,33929,
5.83007e+07,,Surface,38,Image 1,1,33931,
1.81027e+08,,Surface,38,Image 1,1,33932,
6.13241e+07,,Surface,38,Image 1,1,33933,
4.22853e+07,,Surface,38,Image 1,1,33934,
1.38081e+08,,Surface,38,Image 1,1,33935,
1.54784e+07,,Surface,38,Image 1,1,33936,
1.86906e+07,,Surface,38,Image 1,1,33937,
1.27555e+07,,Surface,38,Image 1,1,33939,
2.96924e+06,,Surface,38,Image 1,1,33940,
3.25447e+07,,Surface,38,Image 1,1,33941,
4.79582e+07,,Surface,38,Image 1,1,33942,
2.31346e+07,,Surface,38,Image 1,1,33943,
4.99178e+07,,Surface,38,Image 1,1,33944,
6.74083e+07,,Surface,38,Image 1,1,33945,
5.2477e+07,,Surface,38,Image 1,1,33947,
2.75286e+07,,Surface,38,Image 1,1,33948,
6.02285e+07,,Surface,38,Image 1,1,33949,
1.67835e+07,,Surface,38,Image 1,1,33950,
2.00865e+07,,Surface,38,Image 1,1,33951,
6.7281e+07,,Surface,38,Image 1,1,33952,
5.69638e+07,,Surface,38,Image 1,1,33953,
5.32312e+07,,Surface,38,Image 1,1,33954,
5.33629e+07,,Surface,38,Image 1,1,33955,
4.59805e+07,,Surface,38,Image 1,1,33956,
3.05327e+07,,Surface,38,Image 1,1,33958,
4.53218e+07,,Surface,38,Image 1,1,33959,
4.68688e+07,,Surface,38,Image 1,1,33960,
4.59228e+07,,Surface,38,Image 1,1,33961,
7.64527e+06,,Surface,38,Image 1,1,33963,
8.19304e+06,,Surface,38,Image 1,1,33964,
1.1589e+07,,Surface,38,Image 1,1,33965,
3.67167e+07,,Surface,38,Image 1,1,33966,
6.99805e+07,,Surface,38,Image 1,1,33967,
1.15042e+08,,Surface,38,Image 1,1,33968,
3.05772e+07,,Surface,38,Image 1,1,33969,
6.38546e+06,,Surface,38,Image 1,1,33970,
1.44528e+07,,Surface,38,Image 1,1,33971,
1.46366e+07,,Surface,38,Image 1,1,33972,
6.24044e+07,,Surface,38,Image 1,1,33973,
7.75553e+07,,Surface,38,Image 1,1,33974,
4.26006e+07,,Surface,38,Image 1,1,33978,
4.932e+07,,Surface,38,Image 1,1,33979,
1.55793e+07,,Surface,38,Image 1,1,33980,
2.84601e+07,,Surface,38,Image 1,1,33981,
1.85231e+06,,Surface,38,Image 1,1,33983,
3.16216e+07,,Surface,38,Image 1,1,33984,
3.13175e+07,,Surface,38,Image 1,1,33985,
1.89721e+07,,Surface,38,Image 1,1,33986,
4.74525e+07,,Surface,38,Image 1,1,33987,
1.04967e+07,,Surface,38,Image 1,1,33988,
3.4571e+07,,Surface,38,Image 1,1,33989,
4.93098e+07,,Surface,38,Image 1,1,33990,
1.8566e+07,,Surface,38,Image 1,1,33991,
7.69978e+07,,Surface,38,Image 1,1,33992,
8.64683e+07,,Surface,38,Image 1,1,33993,
2.30852e+07,,Surface,38,Image 1,1,33994,
7.40611e+06,,Surface,38,Image 1,1,33995,
2.32974e+07,,Surface,38,Image 1,1,33996,
1.9644e+07,,Surface,38,Image 1,1,33997,
2.96042e+07,,Surface,38,Image 1,1,33999,
5.31411e+07,,Surface,38,Image 1,1,34000,
9.06247e+06,,Surface,38,Image 1,1,34001,
3.36534e+07,,Surface,38,Image 1,1,34002,
4.20762e+07,,Surface,38,Image 1,1,34003,
3.25931e+07,,Surface,38,Image 1,1,34004,
2.14405e+08,,Surface,38,Image 1,1,34005,
3.86781e+07,,Surface,38,Image 1,1,34006,
5.72883e+07,,Surface,38,Image 1,1,34007,
2.21416e+08,,Surface,38,Image 1,1,34008,
4.02114e+07,,Surface,38,Image 1,1,34010,
8.8927e+07,,Surface,38,Image 1,1,34011,
3.15872e+07,,Surface,38,Image 1,1,34013,
3.95336e+07,,Surface,38,Image 1,1,34014,
3.205e+07,,Surface,38,Image 1,1,34016,
5.19967e+07,,Surface,38,Image 1,1,34018,
1.80787e+07,,Surface,38,Image 1,1,34019,
5.63554e+07,,Surface,38,Image 1,1,34021,
5.52504e+07,,Surface,38,Image 1,1,34022,
3.10791e+07,,Surface,38,Image 1,1,34023,
4.77183e+07,,Surface,38,Image 1,1,34024,
3.26195e+07,,Surface,38,Image 1,1,34025,
1.17311e+07,,Surface,38,Image 1,1,34026,
1.46936e+08,,Surface,38,Image 1,1,34027,
4.42209e+07,,Surface,38,Image 1,1,34028,
2.73245e+07,,Surface,38,Image 1,1,34029,
8.19386e+07,,Surface,38,Image 1,1,34030,
2.38449e+07,,Surface,38,Image 1,1,34035,
1.99442e+07,,Surface,38,Image 1,1,34036,
2.8618e+07,,Surface,38,Image 1,1,34037,
4.39954e+07,,Surface,38,Image 1,1,34038,
3.60514e+07,,Surface,38,Image 1,1,34039,
1.31973e+07,,Surface,38,Image 1,1,34040,
4.48782e+07,,Surface,38,Image 1,1,34041,
3.73339e+07,,Surface,38,Image 1,1,34042,
1.96806e+07,,Surface,38,Image 1,1,34043,
6.01967e+07,,Surface,38,Image 1,1,34044,
9.78214e+06,,Surface,38,Image 1,1,34045,
5.76612e+07,,Surface,38,Image 1,1,34046,
3.99692e+07,,Surface,38,Image 1,1,34047,
6.70235e+07,,Surface,38,Image 1,1,34048,
7.58616e+06,,Surface,38,Image 1,1,34049,
5.86322e+07,,Surface,38,Image 1,1,34050,
2.36308e+07,,Surface,38,Image 1,1,34051,
5.38017e+07,,Surface,38,Image 1,1,34052,
1.76549e+07,,Surface,38,Image 1,1,34053,
1.02543e+07,,Surface,38,Image 1,1,34054,
5.24687e+07,,Surface,38,Image 1,1,34055,
4.59158e+07,,Surface,38,Image 1,1,34056,
4.29723e+07,,Surface,38,Image 1,1,34057,
2.58981e+07,,Surface,38,Image 1,1,34058,
2.30679e+07,,Surface,38,Image 1,1,34059,
5.59574e+07,,Surface,38,Image 1,1,34060,
4.74754e+07,,Surface,38,Image 1,1,34062,
3.91428e+07,,Surface,38,Image 1,1,34063,
1.61634e+07,,Surface,38,Image 1,1,34064,
1.29308e+07,,Surface,38,Image 1,1,34065,
7.60717e+07,,Surface,38,Image 1,1,34066,
2.97594e+07,,Surface,38,Image 1,1,34067,
3.75118e+07,,Surface,38,Image 1,1,34068,
4.83284e+07,,Surface,38,Image 1,1,34070,
1.00123e+08,,Surface,38,Image 1,1,34071,
4.35735e+07,,Surface,38,Image 1,1,34072,
4.98553e+07,,Surface,38,Image 1,1,34073,
4.30435e+07,,Surface,38,Image 1,1,34074,
4.76131e+07,,Surface,38,Image 1,1,34075,
7.61956e+07,,Surface,38,Image 1,1,34076,
7.48429e+07,,Surface,38,Image 1,1,34077,
2.51161e+07,,Surface,38,Image 1,1,34078,
1.52786e+08,,Surface,38,Image 1,1,34079,
4.28948e+07,,Surface,38,Image 1,1,34080,
1.87665e+07,,Surface,38,Image 1,1,34082,
2.48212e+07,,Surface,38,Image 1,1,34083,
1.1575e+07,,Surface,38,Image 1,1,34084,
5.27709e+07,,Surface,38,Image 1,1,34085,
9.31678e+06,,Surface,38,Image 1,1,34086,
7.16015e+07,,Surface,38,Image 1,1,34087,
2.04756e+07,,Surface,38,Image 1,1,34088,
3.55756e+07,,Surface,38,Image 1,1,34090,
5.89325e+06,,Surface,38,Image 1,1,34091,
2.01153e+07,,Surface,38,Image 1,1,34092,
5.83857e+07,,Surface,38,Image 1,1,34094,
7.08431e+07,,Surface,38,Image 1,1,34095,
2.57947e+07,,Surface,38,Image 1,1,34096,
5.6934e+07,,Surface,38,Image 1,1,34097,
3.86864e+07,,Surface,38,Image 1,1,34100,
5.15023e+07,,Surface,38,Image 1,1,34101,
1.51774e+07,,Surface,38,Image 1,1,34102,
6.97854e+07,,Surface,38,Image 1,1,34103,
2.33276e+08,,Surface,38,Image 1,1,34104,
5.19414e+07,,Surface,38,Image 1,1,34105,
3.08828e+07,,Surface,38,Image 1,1,34106,
1.85821e+07,,Surface,38,Image 1,1,34107,
4.78594e+07,,Surface,38,Image 1,1,34108,
1.78138e+07,,Surface,38,Image 1,1,34109,
2.60097e+07,,Surface,38,Image 1,1,34110,
4.74241e+07,,Surface,38,Image 1,1,34112,
1.20346e+07,,Surface,38,Image 1,1,34113,
1.58925e+07,,Surface,38,Image 1,1,34114,
2.20779e+07,,Surface,38,Image 1,1,34115,
8.37421e+07,,Surface,38,Image 1,1,34116,
2.33884e+07,,Surface,38,Image 1,1,34117,
1.03117e+07,,Surface,38,Image 1,1,34118,
4.8645e+07,,Surface,38,Image 1,1,34119,
2.20359e+07,,Surface,38,Image 1,1,34120,
8.98734e+07,,Surface,38,Image 1,1,34121,
3.52209e+07,,Surface,38,Image 1,1,34122,
5.25802e+07,,Surface,38,Image 1,1,34125,
1.20655e+07,,Surface,38,Image 1,1,34126,
4.16711e+07,,Surface,38,Image 1,1,34128,
6.15529e+07,,Surface,38,Image 1,1,34129,
1.62388e+07,,Surface,38,Image 1,1,34130,
3.14735e+07,,Surface,38,Image 1,1,34131,
2.41075e+07,,Surface,38,Image 1,1,34132,
7.18421e+07,,Surface,38,Image 1,1,34133,
2.8226e+07,,Surface,38,Image 1,1,34134,
1.06177e+08,,Surface,38,Image 1,1,34136,
5.89788e+07,,Surface,38,Image 1,1,34137,
3.46058e+07,,Surface,38,Image 1,1,34138,
3.4125e+07,,Surface,38,Image 1,1,34139,
5.29499e+07,,Surface,38,Image 1,1,34140,
6.48686e+07,,Surface,38,Image 1,1,34142,
2.23805e+08,,Surface,38,Image 1,1,34143,
1.32565e+08,,Surface,38,Image 1,1,34144,
1.36975e+07,,Surface,38,Image 1,1,34145,
2.90058e+07,,Surface,38,Image 1,1,34146,
5.20814e+07,,Surface,38,Image 1,1,34147,
9.18692e+07,,Surface,38,Image 1,1,34148,
3.24721e+07,,Surface,38,Image 1,1,34149,
3.05216e+07,,Surface,38,Image 1,1,34151,
4.47999e+07,,Surface,38,Image 1,1,34152,
1.11262e+07,,Surface,38,Image 1,1,34153,
59730,,Surface,38,Image 1,1,34154,
9.85389e+07,,Surface,38,Image 1,1,34155,
1.47107e+08,,Surface,38,Image 1,1,34156,
1.03095e+08,,Surface,38,Image 1,1,34157,
7.98024e+06,,Surface,38,Image 1,1,34159,
1.64206e+07,,Surface,38,Image 1,1,34161,
2.84435e+07,,Surface,38,Image 1,1,34162,
5.34673e+07,,Surface,38,Image 1,1,34163,
3.72107e+07,,Surface,38,Image 1,1,34164,
4.37485e+07,,Surface,38,Image 1,1,34166,
3.85632e+06,,Surface,38,Image 1,1,34167,
2.85293e+07,,Surface,38,Image 1,1,34168,
2.8179e+07,,Surface,38,Image 1,1,34169,
3.00078e+07,,Surface,38,Image 1,1,34171,
3.75303e+07,,Surface,38,Image 1,1,34172,
2.21844e+07,,Surface,38,Image 1,1,34173,
1.13493e+08,,Surface,38,Image 1,1,34174,
4.19199e+07,,Surface,38,Image 1,1,34175,
1.36994e+08,,Surface,38,Image 1,1,34176,
4.73138e+07,,Surface,38,Image 1,1,34178,
1.60248e+08,,Surface,38,Image 1,1,34179,
8.18031e+06,,Surface,38,Image 1,1,34180,
1.78734e+07,,Surface,38,Image 1,1,34181,
5.4002e+07,,Surface,38,Image 1,1,34182,
1.64791e+07,,Surface,38,Image 1,1,34183,
1.43845e+08,,Surface,38,Image 1,1,34184,
3.157e+07,,Surface,38,Image 1,1,34185,
5.40623e+07,,Surface,38,Image 1,1,34186,
6.05296e+07,,Surface,38,Image 1,1,34188,
1.88302e+07,,Surface,38,Image 1,1,34189,
5.177e+07,,Surface,38,Image 1,1,34190,
1.05121e+07,,Surface,38,Image 1,1,34191,
7.83359e+07,,Surface,38,Image 1,1,34192,
4.86668e+07,,Surface,38,Image 1,1,34193,
3.90045e+07,,Surface,38,Image 1,1,34194,
8.55056e+07,,Surface,38,Image 1,1,34195,
9.75713e+07,,Surface,38,Image 1,1,34196,
1.71286e+08,,Surface,38,Image 1,1,34197,
3.2756e+07,,Surface,38,Image 1,1,34198,
2.50155e+07,,Surface,38,Image 1,1,34200,
2.60573e+07,,Surface,38,Image 1,1,34203,
5.58851e+07,,Surface,38,Image 1,1,34204,
1.75985e+07,,Surface,38,Image 1,1,34205,
5.39323e+07,,Surface,38,Image 1,1,34206,
4.85783e+07,,Surface,38,Image 1,1,34208,
9.99328e+07,,Surface,38,Image 1,1,34209,
2.95615e+07,,Surface,38,Image 1,1,34211,
2.43193e+07,,Surface,38,Image 1,1,34212,
2.56143e+07,,Surface,38,Image 1,1,34213,
1.43278e+07,,Surface,38,Image 1,1,34214,
4.19469e+07,,Surface,38,Image 1,1,34216,
4.48169e+07,,Surface,38,Image 1,1,34217,
5.36526e+07,,Surface,38,Image 1,1,34218,
4.78787e+07,,Surface,38,Image 1,1,34219,
6.00114e+06,,Surface,38,Image 1,1,34220,
5.71673e+07,,Surface,38,Image 1,1,34222,
5.05445e+07,,Surface,38,Image 1,1,34223,
3.34583e+07,,Surface,38,Image 1,1,34224,
2.41482e+07,,Surface,38,Image 1,1,34226,
4.55413e+07,,Surface,38,Image 1,1,34227,
1.72602e+08,,Surface,38,Image 1,1,34228,
2.76976e+07,,Surface,38,Image 1,1,34229,
8.74576e+07,,Surface,38,Image 1,1,34232,
3.49664e+07,,Surface,38,Image 1,1,34233,
2.11832e+07,,Surface,38,Image 1,1,34234,
3.28303e+07,,Surface,38,Image 1,1,34236,
1.53855e+07,,Surface,38,Image 1,1,34237,
4.2971e+07,,Surface,38,Image 1,1,34238,
1.24321e+08,,Surface,38,Image 1,1,34240,
1.51692e+08,,Surface,38,Image 1,1,34241,
6.03229e+07,,Surface,38,Image 1,1,34242,
3.80882e+06,,Surface,38,Image 1,1,34243,
2.32009e+07,,Surface,38,Image 1,1,34244,
2.0689e+07,,Surface,38,Image 1,1,34245,
4.39273e+07,,Surface,38,Image 1,1,34246,
7.30024e+07,,Surface,38,Image 1,1,34249,
1.98151e+07,,Surface,38,Image 1,1,34250,
3.47167e+07,,Surface,38,Image 1,1,34251,
2.99737e+07,,Surface,38,Image 1,1,34252,
2.6448e+07,,Surface,38,Image 1,1,34253,
2.74489e+07,,Surface,38,Image 1,1,34254,
1.2425e+08,,Surface,38,Image 1,1,34255,
2.76812e+07,,Surface,38,Image 1,1,34256,
1.33822e+08,,Surface,38,Image 1,1,34257,
1.66054e+07,,Surface,38,Image 1,1,34259,
3.99627e+07,,Surface,38,Image 1,1,34261,
2.3906e+07,,Surface,38,Image 1,1,34263,
3.05721e+07,,Surface,38,Image 1,1,34264,
1.27805e+07,,Surface,38,Image 1,1,34266,
1.31401e+08,,Surface,38,Image 1,1,34268,
1.42772e+07,,Surface,38,Image 1,1,34269,
2.79055e+07,,Surface,38,Image 1,1,34270,
4.58887e+07,,Surface,38,Image 1,1,34271,
5.91482e+07,,Surface,38,Image 1,1,34272,
3.57848e+07,,Surface,38,Image 1,1,34273,
1.7063e+08,,Surface,38,Image 1,1,34274,
5.78568e+07,,Surface,38,Image 1,1,34275,
2.45793e+07,,Surface,38,Image 1,1,34276,
3.52124e+07,,Surface,38,Image 1,1,34278,
4.56938e+07,,Surface,38,Image 1,1,34279,
4.50679e+07,,Surface,38,Image 1,1,34281,
7.2774e+07,,Surface,38,Image 1,1,34282,
1.71849e+07,,Surface,38,Image 1,1,34283,
3.1031e+07,,Surface,38,Image 1,1,34284,
2.99934e+07,,Surface,38,Image 1,1,34285,
1.33538e+08,,Surface,38,Image 1,1,34286,
1.5073e+07,,Surface,38,Image 1,1,34288,
3.32882e+07,,Surface,38,Image 1,1,34289,
1.9727e+08,,Surface,38,Image 1,1,34290,
2.0259e+07,,Surface,38,Image 1,1,34291,
1.54236e+07,,Surface,38,Image 1,1,34292,
2.42368e+07,,Surface,38,Image 1,1,34293,
4.45871e+06,,Surface,38,Image 1,1,34294,
5.24394e+07,,Surface,38,Image 1,1,34296,
5.78504e+07,,Surface,38,Image 1,1,34297,
3.99276e+07,,Surface,38,Image 1,1,34298,
2.50526e+07,,Surface,38,Image 1,1,34300,
1.07061e+07,,Surface,38,Image 1,1,34301,
3.00689e+07,,Surface,38,Image 1,1,34302,
1.60477e+07,,Surface,38,Image 1,1,34303,
3.48776e+07,,Surface,38,Image 1,1,34305,
5.81513e+07,,Surface,38,Image 1,1,34306,
4.41094e+07,,Surface,38,Image 1,1,34307,
1.66926e+07,,Surface,38,Image 1,1,34308,
1.36019e+08,,Surface,38,Image 1,1,34310,
1.13105e+08,,Surface,38,Image 1,1,34311,
5.01297e+07,,Surface,38,Image 1,1,34312,
1.8156e+07,,Surface,38,Image 1,1,34313,
2.44567e+07,,Surface,38,Image 1,1,34314,
2.60635e+07,,Surface,38,Image 1,1,34315,
2.71708e+07,,Surface,38,Image 1,1,34316,
1.44151e+07,,Surface,38,Image 1,1,34317,
5.87378e+07,,Surface,38,Image 1,1,34319,
1.32679e+08,,Surface,38,Image 1,1,34321,
1.17002e+08,,Surface,38,Image 1,1,34322,
6.61723e+06,,Surface,38,Image 1,1,34323,
2.28517e+07,,Surface,38,Image 1,1,34324,
1.30067e+07,,Surface,38,Image 1,1,34325,
7.78445e+07,,Surface,38,Image 1,1,34326,
5.41903e+07,,Surface,38,Image 1,1,34327,
4.3543e+07,,Surface,38,Image 1,1,34328,
5.9272e+07,,Surface,38,Image 1,1,34329,
3.77817e+07,,Surface,38,Image 1,1,34330,
1.44442e+07,,Surface,38,Image 1,1,34331,
4.73449e+07,,Surface,38,Image 1,1,34333,
9.95682e+06,,Surface,38,Image 1,1,34334,
1.65956e+08,,Surface,38,Image 1,1,34335,
4.83477e+07,,Surface,38,Image 1,1,34337,
1.23722e+07,,Surface,38,Image 1,1,34338,
3.8895e+07,,Surface,38,Image 1,1,34339,
8.06393e+07,,Surface,38,Image 1,1,34340,
5.40288e+07,,Surface,38,Image 1,1,34341,
3.82792e+07,,Surface,38,Image 1,1,34342,
4.05549e+07,,Surface,38,Image 1,1,34343,
2.92477e+07,,Surface,38,Image 1,1,34344,
1.26645e+08,,Surface,38,Image 1,1,34345,
2.53149e+06,,Surface,38,Image 1,1,34346,
4.14728e+07,,Surface,38,Image 1,1,34348,
2.41493e+07,,Surface,38,Image 1,1,34349,
4.74606e+07,,Surface,38,Image 1,1,34351,
2.78964e+07,,Surface,38,Image 1,1,34352,
5.77099e+07,,Surface,38,Image 1,1,34353,
9.62848e+07,,Surface,38,Image 1,1,34354,
7.49594e+07,,Surface,38,Image 1,1,34355,
2.6955e+07,,Surface,38,Image 1,1,34356,
2.36754e+07,,Surface,38,Image 1,1,34357,
2.0097e+07,,Surface,38,Image 1,1,34358,
2.64826e+07,,Surface,38,Image 1,1,34360,
915985,,Surface,38,Image 1,1,34361,
6.05e+07,,Surface,38,Image 1,1,34363,
5.26962e+07,,Surface,38,Image 1,1,34364,
2.81482e+07,,Surface,38,Image 1,1,34366,
4.55152e+07,,Surface,38,Image 1,1,34368,
5.80916e+07,,Surface,38,Image 1,1,34369,
1.91465e+07,,Surface,38,Image 1,1,34370,
1.3425e+07,,Surface,38,Image 1,1,34371,
3.92806e+07,,Surface,38,Image 1,1,34372,
4.99291e+07,,Surface,38,Image 1,1,34373,
4.331e+07,,Surface,38,Image 1,1,34376,
1.91051e+07,,Surface,38,Image 1,1,34377,
1.29375e+07,,Surface,38,Image 1,1,34378,
2.22327e+07,,Surface,38,Image 1,1,34379,
2.6167e+07,,Surface,38,Image 1,1,34380,
5.0426e+07,,Surface,38,Image 1,1,34381,
6.8779e+07,,Surface,38,Image 1,1,34382,
4.47356e+07,,Surface,38,Image 1,1,34383,
1.91027e+07,,Surface,38,Image 1,1,34384,
3.93278e+07,,Surface,38,Image 1,1,34385,
3.50911e+07,,Surface,38,Image 1,1,34386,
5.02727e+07,,Surface,38,Image 1,1,34387,
4.49475e+06,,Surface,38,Image 1,1,34388,
3.57641e+07,,Surface,38,Image 1,1,34389,
2.92269e+07,,Surface,38,Image 1,1,34390,
2.87335e+07,,Surface,38,Image 1,1,34391,
7.64402e+07,,Surface,38,Image 1,1,34392,
1.28644e+07,,Surface,38,Image 1,1,34393,
1.3001e+08,,Surface,38,Image 1,1,34394,
2.82552e+07,,Surface,38,Image 1,1,34395,
4.93875e+07,,Surface,38,Image 1,1,34398,
4.98252e+07,,Surface,38,Image 1,1,34399,
1.57796e+07,,Surface,38,Image 1,1,34400,
8.16677e+07,,Surface,38,Image 1,1,34403,
3.05114e+07,,Surface,38,Image 1,1,34404,
3.3097e+07,,Surface,38,Image 1,1,34405,
2.96776e+07,,Surface,38,Image 1,1,34406,
5.05743e+07,,Surface,38,Image 1,1,34407,
1.27921e+08,,Surface,38,Image 1,1,34409,
5.50666e+07,,Surface,38,Image 1,1,34410,
3.23274e+07,,Surface,38,Image 1,1,34411,
2.12481e+07,,Surface,38,Image 1,1,34412,
5.89144e+07,,Surface,38,Image 1,1,34415,
1.0401e+08,,Surface,38,Image 1,1,34418,
1.93145e+07,,Surface,38,Image 1,1,34419,
3.17816e+07,,Surface,38,Image 1,1,34422,
2.25992e+07,,Surface,38,Image 1,1,34423,
1.3306e+08,,Surface,38,Image 1,1,34424,
3.7094e+07,,Surface,38,Image 1,1,34425,
6.04468e+07,,Surface,38,Image 1,1,34426,
1.45235e+08,,Surface,38,Image 1,1,34427,
1.55503e+07,,Surface,38,Image 1,1,34428,
6.42818e+07,,Surface,38,Image 1,1,34429,
7.39017e+07,,Surface,38,Image 1,1,34430,
6.27386e+07,,Surface,38,Image 1,1,34431,
1.43246e+08,,Surface,38,Image 1,1,34432,
5.78526e+07,,Surface,38,Image 1,1,34433,
1.04021e+08,,Surface,38,Image 1,1,34434,
1.06584e+07,,Surface,38,Image 1,1,34435,
4.54165e+07,,Surface,38,Image 1,1,34438,
1.78626e+08,,Surface,38,Image 1,1,34440,
1.0985e+07,,Surface,38,Image 1,1,34441,
2.33666e+07,,Surface,38,Image 1,1,34443,
1.89525e+07,,Surface,38,Image 1,1,34444,
1.2267e+07,,Surface,38,Image 1,1,34445,
2.52118e+07,,Surface,38,Image 1,1,34446,
1.29693e+07,,Surface,38,Image 1,1,34448,
1.5621e+08,,Surface,38,Image 1,1,34450,
6.69232e+07,,Surface,38,Image 1,1,34451,
2.7839e+07,,Surface,38,Image 1,1,34452,
1.98273e+07,,Surface,38,Image 1,1,34453,
1.0197e+08,,Surface,38,Image 1,1,34454,
1.7369e+07,,Surface,38,Image 1,1,34455,
1.41642e+07,,Surface,38,Image 1,1,34456,
2.65523e+07,,Surface,38,Image 1,1,34457,
2.21151e+07,,Surface,38,Image 1,1,34458,
1.0207e+07,,Surface,38,Image 1,1,34459,
4.38407e+07,,Surface,38,Image 1,1,34461,
3.12093e+07,,Surface,38,Image 1,1,34464,
9.42537e+07,,Surface,38,Image 1,1,34465,
9.92223e+06,,Surface,38,Image 1,1,34467,
4.40449e+07,,Surface,38,Image 1,1,34468,
1.80949e+07,,Surface,38,Image 1,1,34469,
4.32424e+07,,Surface,38,Image 1,1,34470,
5.52434e+07,,Surface,38,Image 1,1,34472,
5.25254e+07,,Surface,38,Image 1,1,34473,
1.35268e+07,,Surface,38,Image 1,1,34474,
5.31e+07,,Surface,38,Image 1,1,34475,
9.06054e+07,,Surface,38,Image 1,1,34479,
2.63172e+07,,Surface,38,Image 1,1,34480,
7.65036e+07,,Surface,38,Image 1,1,34481,
2.64366e+07,,Surface,38,Image 1,1,34482,
2.49971e+08,,Surface,38,Image 1,1,34483,
6.23653e+07,,Surface,38,Image 1,1,34484,
5.96399e+06,,Surface,38,Image 1,1,34486,
1.08006e+08,,Surface,38,Image 1,1,34487,
9.56348e+07,,Surface,38,Image 1,1,34488,
3.94512e+07,,Surface,38,Image 1,1,34489,
6.18498e+07,,Surface,38,Image 1,1,34490,
7.39965e+07,,Surface,38,Image 1,1,34491,
7.12027e+07,,Surface,38,Image 1,1,34492,
1.149e+08,,Surface,38,Image 1,1,34493,
3.27738e+07,,Surface,38,Image 1,1,34494,
3.7177e+07,,Surface,38,Image 1,1,34495,
1.0337e+07,,Surface,38,Image 1,1,34496,
2.70748e+07,,Surface,38,Image 1,1,34498,
3.52266e+07,,Surface,38,Image 1,1,34499,
1.09084e+08,,Surface,38,Image 1,1,34500,
1.79029e+07,,Surface,38,Image 1,1,34501,
4.73274e+07,,Surface,38,Image 1,1,34502,
2.46867e+07,,Surface,38,Image 1,1,34503,
7.75051e+06,,Surface,38,Image 1,1,34504,
7.4054e+07,,Surface,38,Image 1,1,34506,
7.24385e+07,,Surface,38,Image 1,1,34510,
6.77182e+07,,Surface,38,Image 1,1,34511,
4.06529e+07,,Surface,38,Image 1,1,34512,
6.6214e+06,,Surface,38,Image 1,1,34513,
5.57725e+07,,Surface,38,Image 1,1,34514,
2.90295e+07,,Surface,38,Image 1,1,34515,
5.97667e+07,,Surface,38,Image 1,1,34516,
1.43094e+07,,Surface,38,Image 1,1,34517,
4.81719e+07,,Surface,38,Image 1,1,34518,
3.53299e+07,,Surface,38,Image 1,1,34519,
2.71985e+07,,Surface,38,Image 1,1,34520,
2.02215e+07,,Surface,38,Image 1,1,34522,
9.86217e+07,,Surface,38,Image 1,1,34523,
5.15713e+07,,Surface,38,Image 1,1,34525,
4.05421e+07,,Surface,38,Image 1,1,34526,
1.55854e+07,,Surface,38,Image 1,1,34527,
1.04837e+08,,Surface,38,Image 1,1,34528,
3.35003e+07,,Surface,38,Image 1,1,34529,
5.16212e+07,,Surface,38,Image 1,1,34530,
1.50518e+07,,Surface,38,Image 1,1,34531,
5.4195e+07,,Surface,38,Image 1,1,34532,
3.453e+07,,Surface,38,Image 1,1,34533,
7.13192e+07,,Surface,38,Image 1,1,34536,
1.26258e+07,,Surface,38,Image 1,1,34537,
4.34488e+07,,Surface,38,Image 1,1,34538,
4.23256e+07,,Surface,38,Image 1,1,34539,
7.10419e+07,,Surface,38,Image 1,1,34541,
3.81306e+07,,Surface,38,Image 1,1,34542,
3.44718e+07,,Surface,38,Image 1,1,34543,
4.40324e+07,,Surface,38,Image 1,1,34544,
1.31687e+08,,Surface,38,Image 1,1,34545,
3.52552e+07,,Surface,38,Image 1,1,34546,
8.75132e+07,,Surface,38,Image 1,1,34548,
4.93611e+07,,Surface,38,Image 1,1,34549,
1.05847e+07,,Surface,38,Image 1,1,34551,
4.85165e+07,,Surface,38,Image 1,1,34552,
4.24151e+07,,Surface,38,Image 1,1,34553,
4.35529e+07,,Surface,38,Image 1,1,34554,
4.44111e+07,,Surface,38,Image 1,1,34557,
3.63847e+07,,Surface,38,Image 1,1,34559,
1.72393e+07,,Surface,38,Image 1,1,34560,
4.00196e+07,,Surface,38,Image 1,1,34561,
5.87913e+07,,Surface,38,Image 1,1,34562,
8.75934e+07,,Surface,38,Image 1,1,34563,
1.96146e+07,,Surface,38,Image 1,1,34564,
3.36553e+07,,Surface,38,Image 1,1,34565,
4.24804e+07,,Surface,38,Image 1,1,34566,
4.09795e+07,,Surface,38,Image 1,1,34567,
8.21448e+07,,Surface,38,Image 1,1,34568,
4.37406e+06,,Surface,38,Image 1,1,34569,
2.73247e+07,,Surface,38,Image 1,1,34570,
1.40814e+07,,Surface,38,Image 1,1,34571,
2.05308e+07,,Surface,38,Image 1,1,34573,
5.36093e+07,,Surface,38,Image 1,1,34574,
1.56288e+07,,Surface,38,Image 1,1,34575,
3.72987e+07,,Surface,38,Image 1,1,34576,
3.29232e+07,,Surface,38,Image 1,1,34577,
1.09067e+08,,Surface,38,Image 1,1,34579,
2.37501e+07,,Surface,38,Image 1,1,34580,
7.87514e+07,,Surface,38,Image 1,1,34581,
1.14282e+08,,Surface,38,Image 1,1,34582,
5.8616e+07,,Surface,38,Image 1,1,34583,
9.85059e+06,,Surface,38,Image 1,1,34585,
3.92789e+07,,Surface,38,Image 1,1,34586,
7.79165e+06,,Surface,38,Image 1,1,34587,
7.17124e+07,,Surface,38,Image 1,1,34588,
8.96738e+07,,Surface,38,Image 1,1,34589,
5.82028e+07,,Surface,38,Image 1,1,34591,
1.45406e+08,,Surface,38,Image 1,1,34593,
4.86125e+07,,Surface,38,Image 1,1,34594,
2.41516e+07,,Surface,38,Image 1,1,34596,
5.13192e+07,,Surface,38,Image 1,1,34597,
1.33904e+08,,Surface,38,Image 1,1,34598,
5.80712e+07,,Surface,38,Image 1,1,34599,
2.48969e+07,,Surface,38,Image 1,1,34600,
1.57872e+08,,Surface,38,Image 1,1,34601,
3.81184e+07,,Surface,38,Image 1,1,34602,
1.04083e+08,,Surface,38,Image 1,1,34604,
1.18699e+07,,Surface,38,Image 1,1,34605,
1.69162e+07,,Surface,38,Image 1,1,34606,
3.11793e+07,,Surface,38,Image 1,1,34607,
9.13948e+06,,Surface,38,Image 1,1,34608,
3.23009e+07,,Surface,38,Image 1,1,34609,
2.69722e+07,,Surface,38,Image 1,1,34610,
4.49551e+07,,Surface,38,Image 1,1,34611,
1.36697e+08,,Surface,38,Image 1,1,34612,
6.78466e+07,,Surface,38,Image 1,1,34613,
3.62419e+07,,Surface,38,Image 1,1,34614,
2.58873e+07,,Surface,38,Image 1,1,34615,
5.63468e+07,,Surface,38,Image 1,1,34618,
2.29653e+07,,Surface,38,Image 1,1,34619,
3.18122e+07,,Surface,38,Image 1,1,34620,
1.44232e+08,,Surface,38,Image 1,1,34621,
1.00564e+08,,Surface,38,Image 1,1,34622,
2.5066e+07,,Surface,38,Image 1,1,34623,
7.71031e+07,,Surface,38,Image 1,1,34624,
4.22146e+07,,Surface,38,Image 1,1,34625,
5.45154e+06,,Surface,38,Image 1,1,34626,
3.83704e+07,,Surface,38,Image 1,1,34628,
1.72135e+07,,Surface,38,Image 1,1,34629,
3.43067e+07,,Surface,38,Image 1,1,34630,
3.89322e+07,,Surface,38,Image 1,1,34631,
2.07993e+08,,Surface,38,Image 1,1,34632,
9.02279e+07,,Surface,38,Image 1,1,34633,
1.23261e+07,,Surface,38,Image 1,1,34634,
6.79619e+07,,Surface,38,Image 1,1,34636,
1.0649e+07,,Surface,38,Image 1,1,34637,
5.47034e+07,,Surface,38,Image 1,1,34638,
2.36171e+07,,Surface,38,Image 1,1,34639,
1.6147e+07,,Surface,38,Image 1,1,34640,
1.23459e+07,,Surface,38,Image 1,1,34642,
4.59132e+07,,Surface,38,Image 1,1,34643,
1.38159e+08,,Surface,38,Image 1,1,34644,
9.94069e+07,,Surface,38,Image 1,1,34646,
2.83792e+07,,Surface,38,Image 1,1,34647,
6.34731e+07,,Surface,38,Image 1,1,34650,
2.49118e+08,,Surface,38,Image 1,1,34651,
469995,,Surface,38,Image 1,1,34652,
1.60389e+08,,Surface,38,Image 1,1,34653,
7.83371e+07,,Surface,38,Image 1,1,34654,
1.62573e+08,,Surface,38,Image 1,1,34655,
3.04181e+07,,Surface,38,Image 1,1,34656,
2.2937e+07,,Surface,38,Image 1,1,34658,
4.74063e+07,,Surface,38,Image 1,1,34660,
8.48774e+07,,Surface,38,Image 1,1,34661,
5.58947e+07,,Surface,38,Image 1,1,34662,
3.74432e+07,,Surface,38,Image 1,1,34666,
4.98757e+07,,Surface,38,Image 1,1,34667,
9.9986e+07,,Surface,38,Image 1,1,34668,
3.02912e+07,,Surface,38,Image 1,1,34669,
7.75906e+07,,Surface,38,Image 1,1,34670,
1.70966e+08,,Surface,38,Image 1,1,34671,
3.71505e+07,,Surface,38,Image 1,1,34672,
5.65017e+07,,Surface,38,Image 1,1,34673,
5.37517e+07,,Surface,38,Image 1,1,34674,
1.80598e+08,,Surface,38,Image 1,1,34675,
3.50392e+07,,Surface,38,Image 1,1,34676,
3.6786e+07,,Surface,38,Image 1,1,34678,
5.3174e+07,,Surface,38,Image 1,1,34679,
3.88329e+07,,Surface,38,Image 1,1,34680,
2.53287e+07,,Surface,38,Image 1,1,34681,
6.17081e+07,,Surface,38,Image 1,1,34682,
3.90222e+07,,Surface,38,Image 1,1,34684,
7.43765e+07,,Surface,38,Image 1,1,34685,
4.12845e+07,,Surface,38,Image 1,1,34686,
6.15662e+07,,Surface,38,Image 1,1,34691,
8.04922e+07,,Surface,38,Image 1,1,34692,
1.47217e+08,,Surface,38,Image 1,1,34693,
1.28045e+08,,Surface,38,Image 1,1,34695,
3.6317e+07,,Surface,38,Image 1,1,34697,
7.45973e+07,,Surface,38,Image 1,1,34701,
4.01016e+07,,Surface,38,Image 1,1,34704,
3.11539e+07,,Surface,38,Image 1,1,34706,
1.43889e+08,,Surface,38,Image 1,1,34707,
4.53701e+07,,Surface,38,Image 1,1,34708,
1.09393e+08,,Surface,38,Image 1,1,34709,
2.199e+07,,Surface,38,Image 1,1,34710,
8.25054e+07,,Surface,38,Image 1,1,34711,
3.49255e+07,,Surface,38,Image 1,1,34715,
5.5191e+07,,Surface,38,Image 1,1,34717,
7.06995e+07,,Surface,38,Image 1,1,34718,
1.08166e+08,,Surface,38,Image 1,1,34719,
8.999e+06,,Surface,38,Image 1,1,34720,
1.8336e+08,,Surface,38,Image 1,1,34721,
5.05519e+07,,Surface,38,Image 1,1,34724,
6.66024e+07,,Surface,38,Image 1,1,34726,
7.46341e+07,,Surface,38,Image 1,1,34727,
2.29332e+07,,Surface,38,Image 1,1,34728,
4.84139e+07,,Surface,38,Image 1,1,34729,
5.41941e+07,,Surface,38,Image 1,1,34732,
6.60211e+07,,Surface,38,Image 1,1,34733,
1.91751e+07,,Surface,38,Image 1,1,34734,
1.41237e+07,,Surface,38,Image 1,1,34735,
5.55659e+07,,Surface,38,Image 1,1,34737,
5.3762e+07,,Surface,38,Image 1,1,34738,
3.23206e+07,,Surface,38,Image 1,1,34739,
4.30022e+07,,Surface,38,Image 1,1,34740,
5.29543e+07,,Surface,38,Image 1,1,34741,
3.21917e+07,,Surface,38,Image 1,1,34742,
3.85619e+07,,Surface,38,Image 1,1,34744,
3.10228e+07,,Surface,38,Image 1,1,34745,
3.3301e+07,,Surface,38,Image 1,1,34746,
7.12936e+07,,Surface,38,Image 1,1,34747,
3.33869e+07,,Surface,38,Image 1,1,34749,
2.99984e+07,,Surface,38,Image 1,1,34750,
3.62564e+07,,Surface,38,Image 1,1,34751,
3.17179e+07,,Surface,38,Image 1,1,34752,
2.90517e+07,,Surface,38,Image 1,1,34753,
3.99812e+07,,Surface,38,Image 1,1,34754,
1.58208e+07,,Surface,38,Image 1,1,34755,
3.14999e+07,,Surface,38,Image 1,1,34756,
3.69362e+07,,Surface,38,Image 1,1,34758,
7.08049e+07,,Surface,38,Image 1,1,34760,
6.44902e+07,,Surface,38,Image 1,1,34761,
5.90838e+07,,Surface,38,Image 1,1,34762,
8.66765e+07,,Surface,38,Image 1,1,34763,
1.25396e+08,,Surface,38,Image 1,1,34765,
9.99113e+06,,Surface,38,Image 1,1,34766,
2.30384e+07,,Surface,38,Image 1,1,34767,
5.22641e+07,,Surface,38,Image 1,1,34768,
5.9528e+07,,Surface,38,Image 1,1,34771,
7.60119e+06,,Surface,38,Image 1,1,34772,
3.18673e+07,,Surface,38,Image 1,1,34774,
5.56935e+07,,Surface,38,Image 1,1,34777,
2.8015e+07,,Surface,38,Image 1,1,34778,
9.61994e+07,,Surface,38,Image 1,1,34779,
4.22188e+07,,Surface,38,Image 1,1,34781,
2.49967e+07,,Surface,38,Image 1,1,34782,
5.57615e+07,,Surface,38,Image 1,1,34783,
2.55979e+07,,Surface,38,Image 1,1,34786,
3.72434e+07,,Surface,38,Image 1,1,34787,
1.86703e+07,,Surface,38,Image 1,1,34788,
6.28786e+07,,Surface,38,Image 1,1,34789,
9.73481e+07,,Surface,38,Image 1,1,34790,
2.93422e+07,,Surface,38,Image 1,1,34791,
1.32612e+07,,Surface,38,Image 1,1,34792,
4.96971e+07,,Surface,38,Image 1,1,34793,
9.32975e+07,,Surface,38,Image 1,1,34794,
2.49229e+07,,Surface,38,Image 1,1,34795,
4.48759e+07,,Surface,38,Image 1,1,34796,
4.02185e+07,,Surface,38,Image 1,1,34802,
1.3496e+07,,Surface,38,Image 1,1,34804,
3.66026e+07,,Surface,38,Image 1,1,34805,
4.97312e+07,,Surface,38,Image 1,1,34806,
1.21646e+07,,Surface,38,Image 1,1,34808,
2.03471e+07,,Surface,38,Image 1,1,34810,
6.9311e+07,,Surface,38,Image 1,1,34811,
1.07093e+08,,Surface,38,Image 1,1,34812,
4.21802e+07,,Surface,38,Image 1,1,34813,
8.88269e+06,,Surface,38,Image 1,1,34814,
8.94837e+06,,Surface,38,Image 1,1,34817,
4.59952e+07,,Surface,38,Image 1,1,34818,
4.67079e+07,,Surface,38,Image 1,1,34819,
6.95928e+07,,Surface,38,Image 1,1,34820,
1.99885e+07,,Surface,38,Image 1,1,34822,
6.59997e+07,,Surface,38,Image 1,1,34824,
4.24043e+07,,Surface,38,Image 1,1,34825,
2.92869e+07,,Surface,38,Image 1,1,34826,
1.91348e+07,,Surface,38,Image 1,1,34827,
2.74649e+07,,Surface,38,Image 1,1,34828,
1.18913e+07,,Surface,38,Image 1,1,34829,
3.72175e+07,,Surface,38,Image 1,1,34830,
1.06511e+08,,Surface,38,Image 1,1,34832,
1.12076e+08,,Surface,38,Image 1,1,34833,
6.3345e+06,,Surface,38,Image 1,1,34834,
4.15399e+07,,Surface,38,Image 1,1,34835,
4.97692e+07,,Surface,38,Image 1,1,34837,
4.49259e+07,,Surface,38,Image 1,1,34840,
5.50934e+06,,Surface,38,Image 1,1,34844,
1.47547e+08,,Surface,38,Image 1,1,34845,
3.1956e+07,,Surface,38,Image 1,1,34846,
1.78387e+07,,Surface,38,Image 1,1,34847,
4.11214e+07,,Surface,38,Image 1,1,34848,
9.41218e+06,,Surface,38,Image 1,1,34849,
4.75768e+07,,Surface,38,Image 1,1,34851,
4.41148e+07,,Surface,38,Image 1,1,34852,
2.09853e+07,,Surface,38,Image 1,1,34854,
5.47366e+07,,Surface,38,Image 1,1,34856,
5.6364e+06,,Surface,38,Image 1,1,34858,
9.92462e+06,,Surface,38,Image 1,1,34859,
1.95612e+07,,Surface,38,Image 1,1,34860,
4.22694e+07,,Surface,38,Image 1,1,34861,
8.46118e+06,,Surface,38,Image 1,1,34865,
3.71028e+07,,Surface,38,Image 1,1,34866,
2.69343e+07,,Surface,38,Image 1,1,34867,
4.95215e+07,,Surface,38,Image 1,1,34868,
9.71133e+07,,Surface,38,Image 1,1,34869,
5.59578e+07,,Surface,38,Image 1,1,34870,
1.03719e+08,,Surface,38,Image 1,1,34871,
4.58972e+07,,Surface,38,Image 1,1,34872,
1.40932e+08,,Surface,38,Image 1,1,34873,
2.98765e+07,,Surface,38,Image 1,1,34877,
3.19502e+07,,Surface,38,Image 1,1,34878,
3.53338e+07,,Surface,38,Image 1,1,34879,
5.01558e+07,,Surface,38,Image 1,1,34881,
4.46144e+07,,Surface,38,Image 1,1,34883,
5.28531e+07,,Surface,38,Image 1,1,34884,
5.99199e+07,,Surface,38,Image 1,1,34885,
1.38264e+08,,Surface,38,Image 1,1,34886,
2.79364e+07,,Surface,38,Image 1,1,34887,
0,,Surface,38,Image 1,1,34888,
4.52292e+07,,Surface,38,Image 1,1,34889,
4.722e+06,,Surface,38,Image 1,1,34890,
1.88767e+07,,Surface,38,Image 1,1,34891,
4.16801e+07,,Surface,38,Image 1,1,34892,
1.45524e+07,,Surface,38,Image 1,1,34893,
1.33367e+07,,Surface,38,Image 1,1,34894,
7.48167e+06,,Surface,38,Image 1,1,34897,
3.59437e+07,,Surface,38,Image 1,1,34899,
2.51146e+07,,Surface,38,Image 1,1,34900,
1.35159e+08,,Surface,38,Image 1,1,34901,
5.60678e+07,,Surface,38,Image 1,1,34902,
3.74774e+07,,Surface,38,Image 1,1,34905,
6.04083e+07,,Surface,38,Image 1,1,34906,
1.54401e+08,,Surface,38,Image 1,1,34908,
1.10553e+08,,Surface,38,Image 1,1,34909,
2.66541e+07,,Surface,38,Image 1,1,34911,
4.75745e+07,,Surface,38,Image 1,1,34912,
9.24209e+06,,Surface,38,Image 1,1,34913,
2.89747e+07,,Surface,38,Image 1,1,34914,
1.28446e+08,,Surface,38,Image 1,1,34915,
1.44062e+08,,Surface,38,Image 1,1,34916,
1.56963e+07,,Surface,38,Image 1,1,34917,
1.39999e+07,,Surface,38,Image 1,1,34918,
2.52622e+07,,Surface,38,Image 1,1,34919,
2.60268e+07,,Surface,38,Image 1,1,34920,
1.33025e+07,,Surface,38,Image 1,1,34921,
3.62016e+07,,Surface,38,Image 1,1,34922,
4.29342e+07,,Surface,38,Image 1,1,34923,
1.311e+08,,Surface,38,Image 1,1,34924,
4.86337e+07,,Surface,38,Image 1,1,34925,
2.00434e+08,,Surface,38,Image 1,1,34926,
1.0153e+08,,Surface,38,Image 1,1,34927,
1.32486e+08,,Surface,38,Image 1,1,34928,
6.37587e+07,,Surface,38,Image 1,1,34930,
3.97486e+07,,Surface,38,Image 1,1,34931,
1.24546e+07,,Surface,38,Image 1,1,34932,
2.96539e+07,,Surface,38,Image 1,1,34934,
4.12151e+07,,Surface,38,Image 1,1,34935,
1.71416e+08,,Surface,38,Image 1,1,34936,
2.88728e+07,,Surface,38,Image 1,1,34937,
5.71846e+07,,Surface,38,Image 1,1,34938,
7.68979e+07,,Surface,38,Image 1,1,34939,
1.04389e+08,,Surface,38,Image 1,1,34941,
9.38343e+06,,Surface,38,Image 1,1,34942,
